	F06WBS_1.c3d	F06WBS_1.c3d	F06WBS_1.c3d	F06WBS_1.c3d	F06WBS_1.c3d	F06WBS_1.c3d	F06WBS_2.c3d	F06WBS_2.c3d	F06WBS_2.c3d	F06WBS_2.c3d	F06WBS_2.c3d	F06WBS_2.c3d	F06WBS_3.c3d	F06WBS_3.c3d	F06WBS_3.c3d	F06WBS_3.c3d	F06WBS_3.c3d	F06WBS_3.c3d	F06WBS_4.c3d	F06WBS_4.c3d	F06WBS_4.c3d	F06WBS_4.c3d	F06WBS_4.c3d	F06WBS_4.c3d	F06WBS_5.c3d	F06WBS_5.c3d	F06WBS_5.c3d	F06WBS_5.c3d	F06WBS_5.c3d	F06WBS_5.c3d
	Right_Hip_Angle	Right_Hip_Velocity	Right_Knee_Angle	Right_Knee_Velocity	Right_Ankle_Angle	Right_Ankle_Velocity	Right_Hip_Angle	Right_Hip_Velocity	Right_Knee_Angle	Right_Knee_Velocity	Right_Ankle_Angle	Right_Ankle_Velocity	Right_Hip_Angle	Right_Hip_Velocity	Right_Knee_Angle	Right_Knee_Velocity	Right_Ankle_Angle	Right_Ankle_Velocity	Right_Hip_Angle	Right_Hip_Velocity	Right_Knee_Angle	Right_Knee_Velocity	Right_Ankle_Angle	Right_Ankle_Velocity	Right_Hip_Angle	Right_Hip_Velocity	Right_Knee_Angle	Right_Knee_Velocity	Right_Ankle_Angle	Right_Ankle_Velocity
	LINK_MODEL_BASED	LINK_MODEL_BASED	LINK_MODEL_BASED	LINK_MODEL_BASED	LINK_MODEL_BASED	LINK_MODEL_BASED	LINK_MODEL_BASED	LINK_MODEL_BASED	LINK_MODEL_BASED	LINK_MODEL_BASED	LINK_MODEL_BASED	LINK_MODEL_BASED	LINK_MODEL_BASED	LINK_MODEL_BASED	LINK_MODEL_BASED	LINK_MODEL_BASED	LINK_MODEL_BASED	LINK_MODEL_BASED	LINK_MODEL_BASED	LINK_MODEL_BASED	LINK_MODEL_BASED	LINK_MODEL_BASED	LINK_MODEL_BASED	LINK_MODEL_BASED	LINK_MODEL_BASED	LINK_MODEL_BASED	LINK_MODEL_BASED	LINK_MODEL_BASED	LINK_MODEL_BASED	LINK_MODEL_BASED
	ORIGINAL	ORIGINAL	ORIGINAL	ORIGINAL	ORIGINAL	ORIGINAL	ORIGINAL	ORIGINAL	ORIGINAL	ORIGINAL	ORIGINAL	ORIGINAL	ORIGINAL	ORIGINAL	ORIGINAL	ORIGINAL	ORIGINAL	ORIGINAL	ORIGINAL	ORIGINAL	ORIGINAL	ORIGINAL	ORIGINAL	ORIGINAL	ORIGINAL	ORIGINAL	ORIGINAL	ORIGINAL	ORIGINAL	ORIGINAL
ITEM	Y	Y	Y	Y	Y	Y	Y	Y	Y	Y	Y	Y	Y	Y	Y	Y	Y	Y	Y	Y	Y	Y	Y	Y	Y	Y	Y	Y	Y	Y
1	-14.42099	49.69050	3.35940	67.08829	5.65909	129.69392	-13.69386	38.15989	2.86200	55.34316	7.04671	90.68070	-13.24958	37.17926	2.24671	68.58813	8.69915	78.83401	-13.16148	46.08480	3.54352	40.15446	6.34408	85.49563	-12.69178	59.46315	4.27471	58.11501	6.68590	47.14009
2	-13.91773	47.90754	4.15510	73.39876	6.93131	86.89461	-13.19619	42.82713	3.65454	59.07793	8.04157	40.34044	-12.80516	44.97790	3.10161	69.56242	9.57223	29.95306	-12.63324	47.84563	4.04168	42.31270	7.23485	40.60938	-11.94008	71.81522	4.93566	48.62337	7.15985	3.90653
3	-13.41423	50.18950	5.00078	74.17422	7.75717	39.74706	-12.61591	56.76806	4.40970	50.27863	8.45392	-7.35560	-12.23963	57.16210	3.89554	59.50221	9.92176	-15.29753	-12.06317	51.96001	4.54931	40.14742	7.64083	-2.23925	-11.02442	82.69972	5.42945	35.10756	7.15146	-30.64911
4	-12.85890	57.19333	5.80793	66.81324	8.10462	-4.21169	-11.84088	75.93011	4.93578	28.47125	8.31370	-43.62976	-11.50126	70.08392	4.49119	40.59519	9.77403	-48.88837	-11.41350	58.65517	4.99396	32.17091	7.59127	-35.60974	-9.97137	88.90300	5.72409	21.84220	6.75063	-53.44171
5	-12.19394	67.31301	6.46978	51.14017	8.00024	-39.57393	-10.80242	93.46055	5.08382	0.17392	7.74888	-65.25905	-10.58811	79.97929	4.80430	18.40097	9.24523	-67.98912	-10.65697	66.34190	5.30159	20.11967	7.17854	-56.44941	-8.85465	89.20940	5.85759	12.83751	6.08286	-65.40618
6	-11.37857	77.66404	6.89597	30.11312	7.51853	-63.97801	-9.52535	102.82150	4.82905	-23.43490	6.93009	-74.12703	-9.54853	84.93404	4.83119	-0.97857	8.48978	-74.52135	-9.79905	72.79633	5.44268	8.04937	6.52693	-65.91885	-7.76487	84.92457	5.91913	9.16926	5.27383	-69.70797
7	-10.40814	85.55755	7.04609	8.84356	6.76202	-77.87444	-8.14430	101.96413	4.31439	-33.63193	6.01320	-74.57348	-8.46128	85.24078	4.64730	-13.44318	7.64818	-72.95319	-8.88060	76.53721	5.44978	-0.40665	5.75732	-67.74986	-6.76726	78.78624	5.98942	8.38784	4.42764	-69.51530
8	-9.32176	89.61820	6.94632	-7.81553	5.84347	-83.25959	-6.83013	94.61588	3.77434	-30.91510	5.10873	-70.60380	-7.40543	82.80611	4.37052	-18.49965	6.81883	-67.69848	-7.95747	77.58123	5.39387	-4.17483	4.96243	-65.90910	-5.87714	73.27449	6.09024	6.90098	3.61703	-66.90952
9	-8.19083	90.05210	6.68033	-17.37109	4.87038	-82.55203	-5.68169	85.92898	3.37377	-22.64971	4.27711	-64.67173	-6.43016	79.83532	4.10211	-18.79576	6.05451	-61.65596	-7.06982	77.17024	5.33800	-4.81750	4.19634	-63.01875	-5.06766	69.54021	6.18720	2.74702	2.88019	-62.87090
10	-7.09120	88.17229	6.35688	-20.23057	3.92993	-77.98608	-4.70727	78.26086	3.14349	-15.09880	3.53796	-57.95091	-5.54339	77.38906	3.88587	-17.77028	5.36988	-56.24051	-6.22477	76.68739	5.30478	-4.88135	3.47705	-60.14793	-4.30015	67.32072	6.23003	-3.62565	2.22634	-57.82082
11	-6.07308	85.53374	6.06684	-18.81750	3.07615	-71.40149	-3.87673	71.41560	3.03765	-10.38350	2.88522	-51.02996	-4.72769	75.05872	3.71296	-17.32394	4.75216	-51.99427	-5.40291	76.70766	5.27810	-6.08446	2.79957	-57.36306	-3.54959	65.70293	6.18944	-10.27610	1.64931	-52.28265
12	-5.14879	83.00674	5.85275	-16.00993	2.32563	-64.14520	-3.15885	64.60099	2.99575	-8.30369	2.30294	-44.47927	-3.96559	71.93009	3.55786	-17.31261	4.17419	-49.04076	-4.58024	76.73330	5.22846	-8.53057	2.15287	-54.40382	-2.80972	63.89529	6.07040	-15.08638	1.13615	-47.17594
13	-4.30465	80.49168	5.70857	-13.76625	1.66711	-57.04569	-2.52988	57.62570	2.96939	-7.96117	1.77534	-39.22342	-3.25142	67.57893	3.40737	-16.65616	3.60756	-47.30935	-3.74924	75.65388	5.13867	-11.06090	1.53155	-51.25699	-2.08579	61.56711	5.90436	-16.66603	0.66463	-43.45859
14	-3.52104	77.55715	5.60456	-12.57979	1.07844	-50.61778	-1.96748	51.35268	2.93080	-8.22223	1.28543	-36.35592	-2.58683	62.36742	3.26690	-14.48355	3.03183	-46.61460	-2.92437	72.60135	5.01569	-12.10279	0.93659	-48.30910	-1.38559	58.93981	5.73440	-14.79429	0.20327	-41.46459
15	-2.78289	74.11715	5.51511	-11.83030	0.53909	-45.32558	-1.44313	46.97441	2.87500	-7.86455	0.81129	-36.23802	-1.97146	57.13347	3.15397	-10.58135	2.43925	-46.65598	-2.13357	67.60107	4.88959	-10.51625	0.36984	-46.05507	-0.71252	56.68338	5.59941	-10.68790	-0.27438	-40.62273
16	-2.08067	70.35376	5.43250	-10.56314	0.03396	-41.57562	-0.92751	44.85255	2.81732	-5.96927	0.33184	-37.94910	-1.39779	52.77948	3.08808	-5.37667	1.83450	-47.04947	-1.40195	61.74607	4.80003	-6.38780	-0.17136	-44.68961	-0.06016	55.58564	5.51719	-6.40915	-0.77368	-39.94496
17	-1.40979	66.48323	5.36482	-8.14204	-0.44721	-39.51551	-0.40078	44.54568	2.78250	-2.39045	-0.16501	-39.98854	-0.84979	50.03203	3.08138	0.39730	1.22826	-47.46570	-0.73519	56.74119	4.77454	-1.00933	-0.69395	-43.92729	0.58709	55.97482	5.48032	-3.51865	-1.28322	-38.73324
18	-0.76769	62.89761	5.32681	-4.62482	-0.91117	-38.90455	0.14509	45.33898	2.79289	2.41459	-0.68061	-41.29363	-0.30561	49.15287	3.13606	6.03391	0.62860	-47.76625	-0.11546	53.84404	4.81749	4.09814	-1.20387	-43.17076	1.24598	57.44126	5.46638	-2.63855	-1.78882	-36.82594
19	-0.14793	60.18401	5.32771	-0.80450	-1.36248	-39.13975	0.70622	46.42516	2.86463	7.72997	-1.20683	-41.49199	0.25415	49.82827	3.24628	10.83424	0.03778	-47.92907	0.48523	53.02723	4.91603	8.07769	-1.70151	-41.91032	1.92691	59.01080	5.44771	-3.61194	-2.28075	-34.62586
20	0.46233	58.77791	5.36370	2.33179	-1.80366	-39.46701	1.27104	47.31023	3.00274	12.36843	-1.73094	-40.74618	0.84087	51.44699	3.39845	14.15573	-0.54507	-47.85995	1.08674	53.29436	5.05289	10.73174	-2.18134	-39.91021	2.62716	59.27575	5.40410	-5.39172	-2.75480	-32.60565
21	1.07754	58.70966	5.42148	4.17257	-2.23392	-39.36193	1.83254	47.98871	3.19100	14.84575	-2.24330	-39.55150	1.45699	53.21832	3.57396	15.83566	-1.11932	-47.43170	1.69475	53.65839	5.21133	11.94089	-2.63508	-37.09122	3.32336	56.81495	5.33531	-6.53338	-3.20577	-30.62860
22	1.70817	59.58320	5.48518	4.50910	-2.65102	-38.85292	2.39341	48.51353	3.39296	14.17470	-2.74094	-38.24947	2.09426	54.28053	3.75737	16.28551	-1.68171	-46.66504	2.30726	53.55824	5.37173	11.48627	-3.05647	-33.59260	3.97628	51.18111	5.25782	-6.27849	-3.62416	-28.36015
23	2.35723	60.68507	5.53910	3.35627	-3.05639	-38.33476	2.96075	48.75272	3.56268	10.30277	-3.22354	-36.71217	2.73622	54.14046	3.93981	15.90745	-2.22943	-45.73565	2.91935	52.49339	5.51171	9.47559	-3.44462	-29.90678	4.54946	43.41939	5.19007	-4.92024	-4.00383	-25.99603
24	3.01987	61.35303	5.56872	0.95417	-3.45561	-37.96104	3.53738	48.26293	3.66095	4.77923	-3.68953	-34.95322	3.36656	52.78595	4.11362	14.73014	-2.76223	-44.83887	3.51969	50.05853	5.61391	6.49846	-3.80382	-26.64217	5.02581	35.31625	5.14199	-3.26038	-4.34672	-23.87859
25	3.68682	61.36328	5.56349	-2.20755	-3.85249	-37.51965	4.11041	46.53012	3.68452	0.27097	-4.13787	-33.56323	3.97234	50.42780	4.26890	12.66210	-3.28232	-44.09195	4.09230	46.64844	5.67107	3.21290	-4.14184	-24.15422	5.40963	28.47248	5.11339	-2.05559	-4.65803	-21.91112
26	4.34929	60.81361	5.51953	-5.56099	-4.24701	-36.86956	4.65726	43.84878	3.66513	-2.05256	-4.56940	-32.97636	4.54382	47.48316	4.39520	9.81662	-3.79428	-43.49202	4.62759	43.23052	5.68484	0.23764	-4.46701	-22.52420	5.72232	24.05588	5.09581	-1.85119	-4.94038	-19.74601
27	5.00000	59.72912	5.43893	-8.72875	-4.63813	-35.94873	5.16655	41.17075	3.63155	-3.07006	-4.98721	-33.08047	5.07549	44.36665	4.48639	6.73547	-4.30253	-42.87058	5.12452	40.19717	5.66649	-1.69961	-4.78437	-21.48766	5.99517	22.42964	5.07664	-2.76550	-5.19312	-17.14445
28	5.63177	57.94734	5.32600	-11.46098	-5.02307	-34.46824	5.64159	39.12000	3.59304	-3.78842	-5.39815	-33.58090	5.56312	41.20688	4.54681	4.17894	-4.80593	-41.97543	5.58226	37.40834	5.63584	-2.27402	-5.09026	-20.32054	6.25751	22.95046	5.04529	-4.40052	-5.41389	-14.03994
29	6.23613	55.33636	5.18777	-13.38823	-5.39516	-32.07897	6.09027	37.71651	3.55032	-4.41421	-5.80964	-34.05899	6.00362	38.21060	4.58892	2.44768	-5.29686	-40.72205	6.00139	35.07498	5.61024	-2.05271	-5.37181	-18.35331	6.52865	24.54746	4.99694	-6.06048	-5.59856	-10.59659
30	6.80464	52.03868	5.03603	-14.18547	-5.74529	-28.68718	6.51864	36.77423	3.50540	-4.73045	-6.22345	-34.07745	6.40155	35.78053	4.62287	1.29582	-5.76737	-39.30552	6.39054	33.53557	5.59429	-1.80064	-5.61450	-15.45861	6.81878	26.59119	4.93353	-7.11750	-5.74585	-7.27684
31	7.33232	48.50654	4.88472	-13.92236	-6.06397	-24.41157	6.93210	36.20802	3.46325	-4.49806	-6.63522	-33.54267	6.76829	34.05227	4.65214	0.47109	-6.21640	-37.95039	6.76144	32.58334	5.58486	-1.58808	-5.81109	-12.11187	7.13533	28.89536	4.86194	-7.28620	-5.86111	-4.50506
32	7.82073	45.31402	4.74401	-12.96145	-6.34119	-19.47788	7.33759	35.93567	3.42995	-3.68520	-7.03924	-32.68881	7.11459	32.86760	4.67726	0.02521	-6.64995	-36.61107	7.12016	31.73321	5.58159	-1.03730	-5.96666	-9.09497	7.48180	30.96534	4.79177	-6.42582	-5.95082	-2.47440
33	8.27742	42.89689	4.61949	-11.50200	-6.56861	-14.33367	7.74129	35.68974	3.40927	-2.37720	-7.43141	-31.76577	7.44790	32.15377	4.70116	0.18121	-7.07388	-35.06024	7.46805	30.78631	5.58816	0.06543	-6.09477	-6.87654	7.85164	32.33400	4.73639	-4.41754	-6.02071	-1.32030
34	8.71305	41.51892	4.51611	-9.53166	-6.74492	-9.62729	8.14398	35.07771	3.40515	-0.34101	-7.81160	-30.92474	7.77565	32.07548	4.73004	0.94557	-7.48755	-33.16972	7.80544	29.78205	5.60965	1.65409	-6.20704	-5.36586	8.23618	33.34121	4.71045	-1.36681	-6.07824	-0.91830
35	9.14025	41.36632	4.43876	-7.12705	-6.87719	-5.84897	8.53959	33.94432	3.42821	2.83698	-8.18427	-30.23019	8.10888	32.84901	4.76804	1.94549	-7.88414	-30.96641	8.13269	28.88183	5.65046	3.51358	-6.30719	-4.27365	8.63449	34.51721	4.72595	2.56229	-6.12878	-0.67470
36	9.57346	42.43702	4.38957	-4.34569	-6.97568	-3.03609	8.92208	32.92408	3.49415	7.10491	-8.55352	-29.47902	8.46170	34.50193	4.81294	2.87784	-8.25768	-28.50274	8.45301	28.46478	5.71238	5.41224	-6.39511	-3.40682	9.04921	35.93668	4.79265	7.13278	-6.17198	-0.04810
37	10.02549	44.35508	4.37092	-0.86893	-7.04786	-0.92664	9.29856	33.05048	3.61380	11.91575	-8.91712	-28.12306	8.84690	36.81853	4.86103	3.98558	-8.60626	-25.79493	8.77562	28.91262	5.79415	7.36867	-6.47247	-2.71947	9.48262	37.50407	4.91431	11.73400	-6.20465	0.96639
38	10.50264	46.45631	4.39163	3.87384	-7.09753	0.69078	9.68634	34.56170	3.78957	16.76046	-9.26621	-25.74598	9.27158	39.47402	4.91624	5.94848	-8.92821	-22.97937	9.11255	30.30997	5.89667	9.68968	-6.54507	-2.36642	9.93637	39.03998	5.08595	15.82299	-6.22438	1.89221
39	11.00298	48.11931	4.46761	10.25256	-7.12742	1.87262	10.09988	37.20689	4.01854	21.23916	-9.59008	-22.56872	9.73600	42.15439	4.99349	9.34029	-9.22136	-20.30498	9.47381	32.50991	6.02534	12.48762	-6.62117	-2.43843	10.40908	40.34672	5.29989	19.40241	-6.23401	2.06142
40	11.51900	49.09840	4.61683	18.24692	-7.14177	2.66235	10.55253	40.86537	4.29352	25.12333	-9.88149	-19.30808	10.23470	44.63385	5.11382	14.24288	-9.48438	-17.78315	9.86665	35.37902	6.18497	15.44846	-6.70463	-2.72639	10.89744	41.45746	5.55200	22.74283	-6.24425	0.98733
41	12.04306	49.62797	4.85502	27.59542	-7.14559	3.15843	11.05540	44.95804	4.60770	28.66584	-10.13930	-16.51209	10.76089	46.98083	5.29602	20.27958	-9.71467	-15.07091	10.29723	38.85612	6.37604	18.24693	-6.79242	-3.08624	11.39999	42.59397	5.84059	25.94322	-6.27038	-1.41514
42	12.57205	50.19432	5.19468	38.01559	-7.14279	3.51901	11.60836	48.65282	4.96052	32.41818	-10.36582	-14.22184	11.31223	49.34289	5.55172	27.05959	-9.90667	-11.76964	10.77122	42.82951	6.59710	20.87039	-6.88139	-3.78538	11.91803	43.81012	6.16378	29.20278	-6.32578	-4.67031
43	13.10824	51.14000	5.64578	49.41898	-7.13394	4.10211	12.20323	51.56520	5.35789	36.77462	-10.56270	-12.12489	11.88816	51.47252	5.88809	34.61979	-10.05324	-7.71871	11.29302	47.04977	6.84766	23.47579	-6.97418	-5.10327	12.45078	44.79123	6.52525	33.15811	-6.41361	-7.44180
44	13.65572	52.25531	6.21871	62.11325	-7.11294	5.58110	12.83020	53.53654	5.80807	41.89223	-10.72704	-9.56110	12.48327	52.91498	6.31484	43.32371	-10.14726	-2.94544	11.86392	51.16618	7.12886	26.29448	-7.07524	-6.62087	12.99143	45.16490	6.93841	38.33733	-6.51519	-7.38241
45	14.21265	52.70831	6.92904	76.65267	-7.06303	9.02370	13.47664	54.20295	6.32051	48.17015	-10.84722	-5.68449	13.08823	53.45169	6.84558	53.47684	-10.17951	2.82593	12.48098	54.83457	7.44466	29.68645	-7.18064	-6.93669	13.53094	44.90833	7.41879	44.71336	-6.57839	-2.07581
46	14.76634	51.53640	7.79799	93.34696	-6.95089	16.13893	14.12294	53.15263	6.91292	56.43040	-10.90271	0.28919	13.69332	52.88532	7.49577	65.35150	-10.13124	10.51961	13.13726	57.73080	7.80360	34.22815	-7.26578	-3.69241	14.06308	44.10725	7.97815	52.32941	-6.52633	9.23735
47	15.29518	48.10292	8.84734	112.02237	-6.71904	29.21362	14.74546	50.43096	7.61353	67.26414	-10.86338	9.28883	14.28461	50.63811	8.28399	79.34913	-9.96705	21.47773	13.82161	59.47092	8.22192	40.67826	-7.27369	5.28940	14.58102	42.45964	8.63252	61.86757	-6.28434	25.71066
48	15.77252	42.11283	10.09391	132.22528	-6.28494	50.13482	15.32487	46.30205	8.45217	80.80674	-10.68471	22.39466	14.83804	45.95888	9.23442	95.86980	-9.63354	37.06197	14.51753	59.53891	8.72495	49.80238	-7.12819	20.16772	15.07183	39.43916	9.40966	74.13779	-5.79215	46.43158
49	16.16821	33.42824	11.54771	153.56224	-5.55469	79.23735	15.84362	40.76078	9.45735	97.09908	-10.30561	40.69665	15.32103	38.44457	10.37457	114.96581	-9.06161	58.54436	15.20163	57.22557	9.34645	62.35313	-6.76271	39.74747	15.51713	34.56734	10.34397	89.41567	-4.99863	70.99120
50	16.44913	22.09624	13.21353	175.72452	-4.44419	115.04005	16.28246	33.72857	10.65691	116.11225	-9.64752	65.54469	15.69866	28.11166	11.72937	136.37112	-8.16964	86.79475	15.84115	51.77077	10.12912	78.91045	-6.12360	63.50006	15.89207	27.21149	11.46838	107.53251	-3.85779	99.10175
51	16.58250	8.64718	15.09083	198.05612	-2.89794	154.55638	16.62055	24.91943	12.07696	137.82912	-8.61262	98.28571	15.93687	15.12513	13.31918	159.71263	-6.87571	121.22333	16.39614	42.75498	11.11992	99.58907	-5.15680	91.64336	16.16111	16.60497	12.81121	128.18919	-2.33105	129.95467
52	16.54307	-5.72823	17.16822	219.07121	-0.90611	193.41934	16.82977	13.32872	13.74433	162.26378	-7.09609	138.27962	16.00272	-0.10067	15.15893	184.04610	-5.12550	158.88492	16.82498	30.16282	12.36373	124.11112	-3.80605	123.99606	16.27810	2.25458	14.39722	150.93985	-0.40172	161.23021
53	16.32048	-19.69686	19.41639	236.64645	1.47926	226.04582	16.86743	-2.03476	15.68750	188.53360	-5.03534	180.86087	15.86864	-16.57402	17.24825	207.24341	-2.92466	194.61975	17.08661	14.10125	13.89960	151.76030	-2.02579	159.02766	16.19296	-15.52291	16.24714	174.83742	1.89792	188.27730
54	15.91888	-32.51098	21.79119	248.78584	4.13775	246.56613	16.68580	-20.45364	17.92070	213.90169	-2.46647	218.41029	15.51906	-32.87176	19.56088	226.42627	-0.35936	221.91403	17.13885	-5.00017	15.75428	181.02225	0.19395	192.71992	15.86425	-35.07676	18.37139	198.00497	4.45841	204.39905
55	15.35223	-43.96098	24.24438	254.21761	6.89409	250.32701	16.25582	-39.44833	20.42200	234.62172	0.46740	243.15822	14.95508	-47.56590	22.04505	239.08632	2.40490	234.25674	16.94468	-25.53863	17.93167	209.33835	2.78664	217.95798	15.27376	-53.28225	20.75541	217.42642	7.08302	203.18790
56	14.64160	-53.98146	26.73169	252.69881	9.54822	235.14185	15.57759	-56.56874	23.13024	247.79076	3.54560	248.79027	14.19542	-59.59443	24.63314	243.96770	5.14693	227.04526	16.48775	-44.66027	20.40254	233.47031	5.57592	226.43399	14.43773	-66.63293	23.34074	230.01192	9.51958	181.86380
57	13.81211	-62.60429	29.21300	245.11295	11.90752	201.72223	14.67288	-70.58287	25.96107	252.26360	6.50290	231.74611	13.27396	-68.57812	27.25399	241.41039	7.63059	199.39159	15.78312	-59.56310	23.10297	250.52827	8.29386	212.80899	13.40271	-73.81227	26.03038	234.52684	11.52674	142.92676
58	12.88585	-70.18623	31.64671	233.19623	13.80967	153.43967	13.57487	-81.49037	28.82721	248.61659	9.07052	192.76474	12.23252	-74.98363	29.84478	233.04700	9.65038	154.68492	14.87307	-68.97327	25.94472	258.87872	10.65763	178.05916	12.22351	-76.56606	28.72012	231.85774	12.93601	93.22348
59	11.87427	-77.40134	33.98598	218.79109	15.13858	96.03347	12.31953	-89.87864	31.65015	238.54248	11.02776	137.50632	11.10791	-79.87924	32.35259	220.96045	11.06792	99.94717	13.81318	-73.62505	28.83003	258.33527	12.45655	128.92664	10.94521	-77.70226	31.32207	223.66853	13.68468	41.32168
60	10.77897	-84.70815	36.17969	203.09308	15.84169	36.99355	10.93917	-96.30064	34.35515	223.92508	12.25234	75.78091	9.92177	-84.13542	34.72724	206.78380	11.83689	44.39637	12.65464	-75.70797	31.66331	249.88983	13.59313	74.19622	9.60240	-79.09440	33.76598	211.25507	13.81411	-5.25875
61	9.60145	-92.06306	38.17588	186.54694	15.94319	-16.10463	9.46142	-101.31284	36.86264	206.24297	12.75135	18.75843	8.68677	-88.15754	36.91590	191.23332	12.01205	-3.26118	11.42889	-77.72214	34.35605	235.29831	14.07294	21.77526	8.22398	-81.70795	35.99387	195.48315	13.43934	-41.93647
62	8.34884	-99.39862	39.93088	169.26738	15.53747	-57.85229	7.90933	-106.08750	39.10030	186.57364	12.64888	-25.38216	7.41334	-92.68775	38.87370	174.46732	11.72509	-38.19564	10.14309	-81.40164	36.82902	216.45557	13.98039	-22.28174	6.82800	-86.32160	37.96772	177.11810	12.70354	-67.54272
63	7.03109	-106.96883	41.42572	151.20085	14.75900	-86.39140	6.29852	-112.21065	41.03345	165.75241	12.12666	-54.44975	6.10573	-98.55430	40.58390	156.51744	11.12895	-60.66545	8.79238	-87.44579	39.02128	194.86145	13.45143	-54.63197	5.41730	-93.06314	39.67961	156.83273	11.73951	-83.36457
64	5.65845	-114.93989	42.67592	131.81564	13.74358	-103.11397	4.63596	-120.24708	42.67733	144.32190	11.35176	-71.31670	4.76486	-105.33231	42.05649	137.18814	10.34687	-74.17265	7.37480	-95.63367	40.90503	171.50003	12.63538	-75.26202	3.99011	-100.84753	41.14393	135.11514	10.65067	-91.95447
65	4.24352	-122.73466	43.71905	110.10044	12.60047	-111.17829	2.92844	-128.85605	44.06705	122.09069	10.43839	-80.51128	3.39865	-111.45000	43.30412	116.07981	9.45321	-82.60358	5.89801	-104.86946	42.48803	146.96854	11.65725	-86.78914	2.55285	-107.87112	42.37935	112.11858	9.50404	-96.05265
66	2.80471	-128.97011	44.58439	85.32346	11.40286	-114.06190	1.19485	-135.56160	45.21988	98.26756	9.44942	-85.70011	2.02500	-115.37605	44.32655	92.98500	8.48447	-88.44102	4.38038	-113.40353	43.79681	121.52809	10.59774	-92.62804	1.12376	-112.41121	43.39294	87.73829	8.33563	-97.70097
67	1.36709	-132.33136	45.27027	57.77269	10.18998	-114.64698	-0.52897	-138.24576	46.12169	72.59225	8.41472	-89.00983	0.66650	-116.21303	45.10707	68.16427	7.46019	-92.70140	2.84848	-119.47594	44.85186	95.26584	9.49952	-95.36761	-0.27114	-113.30919	44.17234	61.97003	7.16248	-98.16443
68	-0.04342	-132.39601	45.74575	28.70047	8.97609	-114.73378	-2.19880	-136.28764	46.73920	45.88422	7.34834	-91.38071	-0.65563	-113.72264	45.61397	42.22435	6.39544	-95.68241	1.33301	-121.79614	45.65199	68.12336	8.38358	-96.64856	-1.60509	-110.30090	44.68286	35.13385	5.99107	-98.02534
69	-1.40715	-129.38359	45.96404	-0.34777	7.76226	-115.00305	-3.77686	-130.44078	47.03836	19.37007	6.25879	-93.00668	-1.92199	-108.15439	45.80812	15.75783	5.30465	-97.35960	-0.13235	-119.57160	46.16969	39.91248	7.25762	-97.52798	-2.85713	-104.10549	44.87815	7.61256	4.82690	-97.06804
70	-2.71073	-123.55318	45.87053	-28.26927	6.54679	-115.27461	-5.24093	-121.89149	46.99011	-6.34457	5.15592	-93.60827	-3.11348	-100.21212	45.65309	-10.83699	4.20426	-97.54680	-1.51235	-112.79840	46.35585	11.01215	6.12243	-98.27441	-4.01582	-95.90186	44.71534	-20.50332	3.68267	-94.69826
71	-3.94318	-115.32111	45.41049	-54.64128	5.33258	-114.90775	-6.58318	-111.77298	46.56719	-31.61956	4.05429	-92.87209	-4.21599	-91.08431	45.12444	-37.20672	3.11291	-96.10562	-2.77755	-102.71197	46.15961	-17.51272	4.98166	-98.26500	-5.08062	-86.88418	44.16021	-48.90981	2.57822	-90.64648
72	-5.09515	-105.72009	44.54552	-79.42657	4.13000	-113.27066	-7.80542	-101.06594	45.74833	-57.13908	2.97062	-90.72992	-5.22623	-82.07249	44.21400	-62.83663	2.05028	-92.97382	-3.91482	-91.43343	45.54936	-45.00069	3.85050	-96.43089	-6.06047	-78.07275	43.19240	-76.56456	1.53322	-85.15425
73	-6.16283	-96.10557	43.26854	-102.66956	2.95472	-109.99376	-8.91467	-90.70476	44.52627	-83.01218	1.92155	-87.16924	-6.15162	-74.33083	42.93097	-86.90246	1.03617	-88.25288	-4.93103	-80.82957	44.51933	-71.28541	2.75613	-92.22637	-6.96769	-70.08236	41.81012	-102.10065	0.56232	-78.69062
74	-7.14812	-87.45078	41.60395	-124.30380	1.82502	-104.80076	-9.92068	-81.41355	42.92083	-108.60655	0.92427	-82.08373	-7.00735	-68.67950	41.30843	-108.50836	0.08694	-82.34965	-5.84494	-71.58310	43.08092	-95.96039	1.72576	-86.13676	-7.81256	-63.23985	40.03252	-124.51588	-0.32639	-71.77004
75	-8.05585	-80.17342	39.60091	-144.04814	0.76230	-97.40944	-10.83215	-73.27719	40.97450	-133.06412	-0.00220	-75.19307	-7.81030	-65.16786	39.40433	-127.18430	-0.78769	-75.69971	-6.67527	-63.69468	41.25312	-118.21857	0.77566	-79.08726	-8.60150	-57.92283	37.90749	-143.26073	-1.13079	-64.56916
76	-8.89126	-74.23011	37.32737	-161.63960	-0.20976	-87.81091	-11.65399	-65.97936	38.73933	-155.54254	-0.83507	-66.33205	-8.57114	-63.13007	37.29116	-142.93770	-1.58193	-68.37274	-7.43792	-57.64964	39.07257	-137.17007	-0.08835	-71.59498	-9.33796	-54.68082	35.52025	-158.13351	-1.84687	-56.68282
77	-9.65655	-69.23380	34.86234	-177.29147	-1.07011	-76.55598	-12.38688	-59.25297	36.27643	-175.22466	-1.55247	-55.85966	-9.29282	-61.92112	35.04162	-156.14845	-2.28848	-60.03967	-8.15008	-54.71723	36.61475	-152.19000	-0.86259	-63.56113	-10.02862	-54.12313	32.98679	-169.51767	-2.46369	-47.76995
78	-10.34954	-64.87710	32.28529	-191.66623	-1.80652	-64.65350	-13.02901	-53.27414	33.65835	-191.46263	-2.13982	-44.63076	-9.97679	-61.44418	32.72210	-167.74165	-2.89495	-50.36486	-8.83589	-55.86256	34.00028	-163.16502	-1.53983	-54.87996	-10.68808	-56.41002	30.43112	-178.32570	-2.96893	-37.98615
79	-10.96831	-61.31514	29.66961	-205.29581	-2.41852	-53.27645	-13.58441	-48.70164	30.96399	-204.08000	-2.59528	-33.90430	-10.62862	-62.04522	30.38850	-178.95906	-3.38630	-39.47776	-9.51912	-60.27230	31.37257	-170.82161	-2.11396	-45.80709	-11.33417	-60.71473	27.95403	-185.80061	-3.35414	-27.80882
80	-11.51640	-59.10069	27.07775	-218.29932	-2.91814	-43.44127	-14.06808	-46.25731	28.26540	-213.29639	-2.93328	-24.86247	-11.25984	-64.03989	28.08092	-190.51453	-3.75168	-27.96456	-10.20861	-65.92474	28.85521	-176.82101	-2.58263	-36.62447	-11.97859	-65.62962	25.60288	-193.21758	-3.61863	-18.04729
81	-12.00519	-59.12447	24.55708	-230.35284	-3.32610	-35.47702	-14.50434	-46.46508	25.62450	-219.50725	-3.17876	-17.88562	-11.88412	-67.20956	25.81899	-202.09862	-3.98841	-16.58950	-10.90067	-71.38396	26.51683	-183.05733	-2.94614	-27.61851	-12.62464	-69.78077	23.36899	-201.04100	-3.77341	-9.44624
82	-12.45710	-62.35072	22.14109	-240.69099	-3.66123	-28.80020	-14.92165	-49.14191	23.09131	-223.41602	-3.35407	-12.18949	-12.51005	-70.80499	23.60489	-212.58250	-4.10396	-6.19230	-11.59061	-76.07133	24.36345	-190.68793	-3.20923	-19.18736	-13.26523	-71.60632	21.20296	-208.68611	-3.83583	-2.23321
83	-12.90386	-69.17448	19.84462	-248.23668	-3.93172	-22.46473	-15.34267	-53.06011	20.68607	-225.83809	-3.46551	-6.40898	-13.13730	-73.94151	21.43302	-220.68840	-4.11587	2.67032	-12.27491	-79.58166	22.35184	-199.41516	-3.38125	-11.53068	-13.87856	-70.29703	19.04016	-214.52650	-3.82364	3.43375
84	-13.37951	-79.00717	17.65832	-251.57861	-4.13587	-15.78657	-15.77595	-56.68112	18.38470	-227.10858	-3.50472	0.01510	-13.75833	-75.82552	19.29390	-225.64005	-4.04342	10.01209	-12.94771	-81.40313	20.41665	-207.54774	-3.47128	-4.55080	-14.44062	-67.09716	16.84846	-215.96478	-3.75634	7.39576
85	-13.91099	-90.05556	15.55408	-249.19830	-4.26709	-8.70642	-16.21962	-59.25361	16.13739	-226.38991	-3.46557	6.27096	-14.36088	-75.75321	17.17373	-227.10982	-3.90060	15.92437	-13.59778	-80.87984	18.49608	-213.12610	-3.48605	1.72144	-14.94457	-64.44855	14.64972	-210.91643	-3.65105	10.07164
86	-14.50697	-99.23912	13.50075	-240.40422	-4.32269	-2.00004	-16.66976	-60.49787	13.90954	-222.06213	-3.35779	11.10863	-14.92863	-73.03155	15.05773	-224.76570	-3.70036	20.25527	-14.20754	-77.21043	16.54358	-214.81157	-3.43372	7.05895	-15.40468	-63.43166	12.49958	-199.46283	-3.51486	12.20874
87	-15.14704	-102.86207	11.48021	-225.86888	-4.31223	3.15319	-17.11766	-59.57805	11.70069	-212.99603	-3.20335	13.93944	-15.44043	-67.11475	12.93826	-218.38438	-3.45816	23.05922	-14.75216	-69.70387	14.53461	-212.10997	-3.32397	11.49851	-15.83249	-60.70163	10.44643	-184.35550	-3.34906	13.97356
88	-15.78216	-98.26008	9.50269	-206.77895	-4.25708	6.04319	-17.54214	-55.14936	9.53921	-198.79971	-3.02640	14.60959	-15.87279	-57.85479	10.82653	-207.93192	-3.18797	24.51614	-15.20107	-58.29857	12.47552	-205.01427	-3.16463	15.16971	-16.20068	-51.69391	8.50050	-168.23975	-3.16162	14.99076
89	-16.35084	-85.10606	7.61616	-183.76180	-4.18170	6.98090	-17.91032	-46.29181	7.48167	-179.04317	-2.85301	12.91061	-16.20330	-45.38121	8.76076	-193.22722	-2.90467	24.50754	-15.52528	-43.63663	10.40864	-193.43158	-2.96535	17.85011	-16.46792	-37.48823	6.68000	-150.21318	-2.96728	15.33578
90	-16.79986	-65.11781	5.89773	-156.97601	-4.10223	7.41937	-18.18577	-33.24619	5.61390	-153.13467	-2.71134	9.08780	-16.41208	-30.16555	6.80310	-173.94899	-2.62628	23.15471	-15.70391	-26.78165	8.40433	-177.18871	-2.74175	19.33028	-16.62285	-22.03785	5.04978	-128.14407	-2.77208	16.35894
91	-17.09513	-40.84480	4.42773	-126.83475	-4.01411	9.84319	-18.34001	-17.57881	4.03670	-121.17835	-2.62082	4.71194	-16.48597	-13.39702	5.02996	-149.92021	-2.36450	21.45693	-15.72967	-9.56442	6.54503	-156.12411	-2.50855	20.36496	-16.66702	-6.85410	3.68611	-102.00271	-2.55294	20.95681
92	-17.22210	-14.85186	3.26709	-94.41682	-3.88150	17.47551	-18.36137	-1.28022	2.83823	-84.96620	-2.57322	2.74538	-16.42430	3.14471	3.51804	-121.43992	-2.11382	21.10812	-15.61625	5.29360	4.91541	-130.04030	-2.26210	22.92888	-16.59388	7.66020	2.64149	-73.44666	-2.24270	32.54107
93	-17.18045	10.83028	2.44634	-61.78072	-3.63154	33.47544	-18.25024	14.92190	2.06425	-48.50188	-2.52076	6.62339	-16.24077	17.60283	2.33054	-89.65611	-1.84714	24.28452	-15.39899	15.84151	3.59419	-99.67591	-1.96880	29.46510	-16.40036	20.54374	1.93744	-44.85083	-1.73897	53.09491
94	-16.97489	34.62915	1.95870	-31.69625	-3.16173	59.46460	-18.00134	31.57990	1.69376	-17.04058	-2.37801	19.30117	-15.96009	28.79076	1.50417	-56.92920	-1.51110	33.52787	-15.11698	22.95354	2.63177	-67.87506	-1.56685	41.99830	-16.09422	31.31622	1.56114	-19.08003	-0.93407	81.70967
95	-16.61381	54.61822	1.76348	-6.42928	-2.36526	93.95568	-17.59893	48.55454	1.64090	5.36366	-2.03142	42.27021	-15.60772	36.92145	1.03726	-26.80140	-1.02616	50.76073	-14.78978	29.06771	2.02661	-38.51942	-0.97718	61.35236	-15.68526	40.13597	1.46426	1.49503	0.24253	113.33844
96	-16.11689	68.65959	1.80221	13.15391	-1.17126	131.34175	-17.03151	63.98933	1.78586	17.68300	-1.36194	74.16074	-15.19749	43.09026	0.88114	-2.89370	-0.30374	75.67493	-14.41912	35.02124	1.73168	-14.24151	-0.12414	86.02733	-15.18437	46.90432	1.57995	16.38021	1.77265	138.27960
97	-15.51841	75.61861	2.01614	27.58852	0.40921	162.21590	-16.31059	75.01264	2.01769	22.19240	-0.28603	109.56409	-14.73355	47.61708	0.95188	13.14827	0.72170	104.45345	-14.00792	39.64420	1.68161	4.25643	1.03063	111.28289	-14.60855	51.45440	1.85005	27.14291	3.51241	145.11572
98	-14.86154	76.35705	2.35997	38.15997	2.25210	176.15834	-15.47902	79.37205	2.27228	23.43416	1.19294	138.80551	-14.22598	49.67254	1.16443	22.75751	2.05672	129.47017	-13.57048	41.51602	1.81375	17.68347	2.45423	129.55292	-13.98142	54.03582	2.24455	36.06746	5.21628	127.44089
99	-14.18462	73.90020	2.80396	45.71473	4.13631	166.74753	-14.60168	77.29683	2.54985	25.83155	2.94361	150.77927	-13.69852	48.78149	1.46741	29.53465	3.61901	141.12599	-13.13029	40.42156	2.08161	27.63866	4.02575	132.66817	-13.32839	55.79231	2.75262	43.51105	6.62433	88.57263
100	-13.50470	72.27541	3.32027	49.87789	5.81417	135.16553	-13.73809	72.22818	2.89145	30.80271	4.72617	139.28625	-13.17835	46.23031	1.85582	36.65876	5.23841	132.68022	-12.70859	37.86033	2.45999	35.69276	5.55295	116.14430	-12.66149	58.96961	3.33991	46.63619	7.54702	39.37457
101	-12.80873	74.31644	3.86621	49.47294	7.09116	89.16850	-12.91066	69.19869	3.32284	35.74048	6.28122	106.99647	-12.67506	45.13860	2.34529	43.99811	6.70730	104.50000	-12.30993	36.39647	2.93484	42.04995	6.83254	82.64438	-11.95953	65.39674	3.91626	41.77674	7.90324	-7.84034