	F07WBS_1.c3d	F07WBS_1.c3d	F07WBS_1.c3d	F07WBS_1.c3d	F07WBS_1.c3d	F07WBS_1.c3d	F07WBS_2.c3d	F07WBS_2.c3d	F07WBS_2.c3d	F07WBS_2.c3d	F07WBS_2.c3d	F07WBS_2.c3d	F07WBS_3.c3d	F07WBS_3.c3d	F07WBS_3.c3d	F07WBS_3.c3d	F07WBS_3.c3d	F07WBS_3.c3d	F07WBS_4.c3d	F07WBS_4.c3d	F07WBS_4.c3d	F07WBS_4.c3d	F07WBS_4.c3d	F07WBS_4.c3d
	Right_Hip_Angle	Right_Hip_Velocity	Right_Knee_Angle	Right_Knee_Velocity	Right_Ankle_Angle	Right_Ankle_Velocity	Right_Hip_Angle	Right_Hip_Velocity	Right_Knee_Angle	Right_Knee_Velocity	Right_Ankle_Angle	Right_Ankle_Velocity	Right_Hip_Angle	Right_Hip_Velocity	Right_Knee_Angle	Right_Knee_Velocity	Right_Ankle_Angle	Right_Ankle_Velocity	Right_Hip_Angle	Right_Hip_Velocity	Right_Knee_Angle	Right_Knee_Velocity	Right_Ankle_Angle	Right_Ankle_Velocity
	LINK_MODEL_BASED	LINK_MODEL_BASED	LINK_MODEL_BASED	LINK_MODEL_BASED	LINK_MODEL_BASED	LINK_MODEL_BASED	LINK_MODEL_BASED	LINK_MODEL_BASED	LINK_MODEL_BASED	LINK_MODEL_BASED	LINK_MODEL_BASED	LINK_MODEL_BASED	LINK_MODEL_BASED	LINK_MODEL_BASED	LINK_MODEL_BASED	LINK_MODEL_BASED	LINK_MODEL_BASED	LINK_MODEL_BASED	LINK_MODEL_BASED	LINK_MODEL_BASED	LINK_MODEL_BASED	LINK_MODEL_BASED	LINK_MODEL_BASED	LINK_MODEL_BASED
	ORIGINAL	ORIGINAL	ORIGINAL	ORIGINAL	ORIGINAL	ORIGINAL	ORIGINAL	ORIGINAL	ORIGINAL	ORIGINAL	ORIGINAL	ORIGINAL	ORIGINAL	ORIGINAL	ORIGINAL	ORIGINAL	ORIGINAL	ORIGINAL	ORIGINAL	ORIGINAL	ORIGINAL	ORIGINAL	ORIGINAL	ORIGINAL
ITEM	Y	Y	Y	Y	Y	Y	Y	Y	Y	Y	Y	Y	Y	Y	Y	Y	Y	Y	Y	Y	Y	Y	Y	Y
1	-18.18634	33.55958	7.48214	46.06417	-6.07877	98.33211	-18.83358	27.28525	6.48121	-0.15929	-6.69935	34.72007	-19.43236	10.15259	7.50617	-13.80716	-8.36724	53.34444	-21.61052	12.94889	7.82360	76.50076	-5.88793	150.04225
2	-17.82462	38.53126	8.05709	65.61139	-4.94983	124.62341	-18.49553	34.81888	6.66099	17.90271	-6.20893	60.08080	-19.27935	17.06904	7.50148	8.96335	-7.70420	82.68935	-21.41425	21.18866	8.75677	96.44404	-4.17129	169.25258
3	-17.41933	42.50813	8.79537	82.71917	-3.62401	137.32700	-18.07172	42.41178	7.00601	32.51176	-5.43644	87.70902	-19.04848	24.07970	7.72089	29.65547	-6.70318	116.83293	-21.13683	28.53709	9.85186	112.14452	-2.36409	167.44516
4	-16.97607	46.48309	9.66124	95.60348	-2.27028	133.86568	-17.56915	49.42184	7.46733	44.81848	-4.40109	110.59969	-18.74706	30.22099	8.13291	48.69466	-5.35306	147.12018	-20.78241	35.77859	11.05102	120.85831	-0.69629	146.73782
5	-16.48989	51.29841	10.60817	102.62687	-1.04787	117.01088	-17.00089	55.57235	8.01256	55.66200	-3.19853	122.39111	-18.39072	35.11879	8.71103	65.90885	-3.74998	164.07477	-20.34496	43.39751	12.27742	120.81766	0.66946	114.43527
6	-15.94778	57.24884	11.58022	102.73883	-0.05998	91.91381	-16.38096	60.90195	8.62255	64.92869	-1.96928	120.82211	-17.99505	39.07756	9.42867	80.15306	-2.07516	162.64973	-19.81621	51.10984	13.44851	112.06371	1.66089	77.87707
7	-15.33521	63.89385	12.51720	95.96688	0.64906	63.20433	-15.72027	65.51987	9.28027	71.44743	-0.84049	108.37380	-17.56783	42.80600	10.25089	89.60911	-0.52160	144.26736	-19.19559	58.11526	14.49180	96.29638	2.27285	42.13239
8	-14.64434	70.33788	13.36391	83.61605	1.07551	34.26065	-15.02609	69.37350	9.96074	73.69812	0.11212	89.52680	-17.10542	46.94252	11.12990	92.78085	0.76793	114.17981	-18.49371	63.80732	15.35437	76.05038	2.53845	10.30007
9	-13.87805	75.84631	14.07986	67.82319	1.24002	7.55564	-14.30320	72.33892	10.62934	70.74393	0.86007	67.83624	-16.59595	51.67326	12.00969	89.44857	1.71480	77.99652	-17.72736	68.45195	16.00555	53.84557	2.51060	-15.70166
10	-13.04793	80.30963	14.64273	50.69470	1.17743	-15.21145	-13.55372	74.54504	11.24641	62.66312	1.39779	45.28339	-16.02695	56.76952	12.83676	80.74247	2.29031	40.44509	-16.90757	73.37201	16.43460	31.56815	2.25235	-34.84862
11	-12.16744	84.18229	15.04552	33.72123	0.92921	-33.12771	-12.77508	76.51466	11.77336	50.38410	1.72702	23.22751	-15.39104	62.00062	13.56828	68.40688	2.50404	5.58638	-16.02829	80.10199	16.64434	10.26594	1.82923	-47.07449
12	-11.24591	88.06331	15.29146	17.71864	0.53893	-45.90535	-11.95903	78.97198	12.17777	35.29296	1.85659	3.00777	-14.68604	67.39533	14.17456	54.14775	2.39900	-23.38688	-15.06787	89.06725	16.64521	-9.53986	1.30099	-53.20680
13	-10.28592	92.44965	15.38976	3.02314	0.05007	-53.69527	-11.09276	82.51728	12.43767	18.90400	1.80377	-14.31154	-13.91379	73.15698	14.63991	39.38585	2.04161	-44.79102	-14.00304	99.38396	16.45359	-27.40432	0.71517	-54.69181
14	-9.28290	97.64819	15.35225	-10.27546	-0.49598	-57.00191	-10.16234	87.40409	12.54410	2.59821	1.59138	-28.15658	-13.07818	79.49294	14.96171	25.04231	1.50605	-58.50877	-12.82071	109.69205	16.09273	-42.76862	0.10504	-53.19811
15	-8.22791	103.54375	15.19192	-22.09292	-1.06277	-56.69300	-9.15710	93.45832	12.50069	-12.50141	1.24520	-38.33931	-12.18134	86.35163	15.14505	11.46294	0.86160	-65.47695	-11.52429	118.65070	15.59310	-54.92042	-0.50743	-50.29508
16	-7.11454	109.48489	14.92393	-32.17662	-1.62270	-54.02316	-8.07394	100.03546	12.32193	-25.47842	0.79344	-45.02395	-11.22324	93.17693	15.19747	-1.27195	0.16528	-67.21465	-10.13689	125.07377	14.99267	-63.03654	-1.10842	-47.33651
17	-5.94594	114.57650	14.56757	-40.13163	-2.16065	-50.43253	-6.92068	106.15125	12.03169	-35.60133	0.26596	-48.77262	-10.20576	99.14402	15.12817	-12.97317	-0.54141	-65.48582	-8.69767	128.33937	14.33566	-66.54871	-1.69102	-45.20609
18	-4.73707	118.01381	14.14667	-45.60441	-2.67357	-47.08643	-5.71654	110.88430	11.66010	-42.44151	-0.30734	-50.37054	-9.13535	103.70081	14.94983	-23.27573	-1.23236	-61.93390	-7.25032	128.63809	13.66658	-65.61233	-2.25136	-43.99040
19	-3.51240	119.21322	13.68748	-48.42775	-3.16503	-44.54214	-4.48834	113.64935	11.23866	-45.94687	-0.89721	-50.45199	-8.02269	106.60281	14.67908	-31.75879	-1.89329	-57.75118	-5.83213	126.55817	13.02257	-61.11620	-2.78325	-43.16616
20	-2.30040	117.94735	13.21597	-48.68022	-3.63877	-42.80369	-3.26588	114.13738	10.79623	-46.33082	-1.47508	-49.34872	-6.88417	107.77286	14.33590	-38.12905	-2.51626	-53.53783	-4.46957	122.76117	12.42955	-54.34248	-3.27766	-42.14505
21	-1.12636	114.46027	12.75499	-46.72763	-4.09532	-41.56186	-2.07830	112.24847	10.35816	-44.00766	-2.01569	-47.29034	-5.73967	107.56583	13.94085	-42.46362	-3.09458	-49.37685	-3.17551	118.12832	11.90153	-46.83831	-3.72688	-40.58213
22	-0.00742	109.32714	12.32160	-43.22231	-4.53175	-40.38443	-0.94973	108.20911	9.94526	-39.81406	-2.50202	-44.57220	-4.60464	106.82435	13.51048	-45.25358	-3.62001	-45.05495	-1.94614	113.80563	11.43833	-40.37030	-4.12874	-38.46014
23	1.04773	103.18277	11.92528	-39.03121	-4.94285	-38.89415	0.10622	102.76673	9.56892	-35.17535	-2.92804	-41.55849	-3.48446	106.43987	13.05472	-47.22371	-4.08325	-40.33268	-0.76133	110.88248	11.02455	-36.42992	-4.48989	-36.13114
24	2.03674	96.71355	11.56718	-35.13953	-5.32392	-36.98448	1.09171	97.24910	9.22611	-31.74272	-3.29886	-38.68917	-2.37421	106.92336	12.57644	-49.17326	-4.47723	-35.16344	0.40739	109.82499	10.63547	-35.55806	-4.82652	-34.18407
25	2.96424	90.88307	11.24016	-32.49775	-5.67477	-34.93265	2.02657	93.27236	8.90084	-30.70144	-3.62940	-36.41393	-1.26246	108.26958	12.07175	-51.81672	-4.80090	-29.80864	1.58369	110.27570	10.24724	-37.26110	-5.16069	-33.09701
26	3.84437	86.80978	10.93003	-31.72918	-6.00257	-33.26138	2.94368	92.04356	8.57156	-32.35187	-3.94045	-34.97252	-0.13737	110.17776	11.53225	-55.50415	-5.06164	-24.83619	2.77945	111.55039	9.84331	-40.50177	-5.51255	-32.95605
27	4.69900	85.12544	10.61966	-32.86088	-6.32108	-32.42965	3.87795	93.71938	8.21911	-36.15604	-4.25225	-34.30083	1.00944	112.38010	10.95011	-60.04028	-5.27595	-20.91312	3.99657	113.19163	9.41543	-44.14149	-5.89322	-33.55651
28	5.54968	85.57648	10.29437	-35.36813	-6.64652	-32.59063	4.85430	97.47349	7.83194	-41.03402	-4.58005	-34.22314	2.18190	114.56577	10.32283	-64.79976	-5.46639	-18.49991	5.23171	115.02225	8.96272	-47.17263	-6.30441	-34.68601
29	6.41090	87.38532	9.94533	-38.48467	-6.99188	-33.56927	5.88255	102.13596	7.40824	-45.74312	-4.93355	-34.60875	3.37739	116.20751	9.65531	-68.92067	-5.65578	-17.76396	6.47949	116.90096	8.49045	-48.85664	-6.74239	-36.16716
30	7.28955	89.76205	9.56981	-41.42317	-7.36274	-35.06441	6.95971	106.66998	6.95473	-49.17851	-5.31651	-35.31955	4.58519	116.81190	8.96053	-71.48442	-5.86312	-18.69266	7.73413	118.49656	8.00848	-48.70795	-7.19976	-37.85637
31	8.18668	92.04316	9.17120	-43.38795	-7.75771	-36.90177	8.07379	110.22502	6.48432	-50.48081	-5.72548	-36.19970	5.78949	116.17920	8.25805	-71.78029	-6.10226	-21.08512	8.98844	119.21099	7.53073	-46.38123	-7.66794	-39.77477
32	9.09849	93.70523	8.76000	-43.61714	-8.17257	-39.08575	9.20631	112.00966	6.01458	-49.01860	-6.15149	-37.22347	6.97364	114.26340	7.56999	-69.47681	-6.38021	-24.48217	10.23160	118.44070	7.07558	-41.74260	-8.14239	-41.94941
33	10.01764	94.41903	8.35343	-41.56234	-8.60429	-41.61466	10.33344	111.30748	5.56764	-44.39097	-6.58572	-38.62958	8.12174	111.01153	6.91767	-64.56715	-6.69620	-28.33094	11.44986	115.89712	6.66370	-35.07098	-8.62332	-44.12778
34	10.93482	93.89142	7.97255	-37.04795	-9.05192	-44.27541	11.42803	107.75333	5.16976	-36.50124	-7.02558	-40.89585	9.21945	106.39049	6.32049	-57.19798	-7.04476	-32.28562	12.62858	111.53294	6.31338	-26.93497	-9.11208	-45.95541
35	11.83710	91.73952	7.63866	-30.34345	-9.51522	-46.63352	12.46389	101.54170	4.84921	-25.63440	-7.47837	-44.51331	10.25448	100.44546	5.79733	-47.55576	-7.42172	-36.33533	13.75184	105.30784	6.03978	-17.78893	-9.61041	-47.39056
36	12.70750	87.82700	7.36934	-22.23623	-9.99211	-48.13308	13.42024	93.31004	4.63344	-12.49816	-7.96066	-49.62317	11.21683	93.47350	5.36794	-35.89455	-7.82846	-40.72757	14.80161	97.29942	5.85786	-7.84119	-10.12304	-48.78983
37	13.53019	82.61169	7.17338	-13.84508	-10.47559	-48.24633	14.28400	83.86752	4.54531	1.80802	-8.49258	-55.78444	12.10162	86.18025	5.05203	-22.60223	-8.27334	-45.82256	15.76115	87.92943	5.78312	2.79672	-10.65902	-50.56278
38	14.29699	76.94308	7.04954	-5.83669	-10.95306	-46.88329	15.04972	73.99940	4.59816	15.99226	-9.08958	-62.15734	12.91253	79.38515	4.86720	-8.14420	-8.77063	-51.92053	16.61964	77.90014	5.82961	14.01398	-11.22768	-52.61408
39	15.00858	71.49387	6.99633	2.23789	-11.41315	-44.77036	15.71870	64.32082	4.79254	28.93469	-9.75743	-67.92643	13.65973	73.54990	4.82763	6.95305	-9.33694	-59.05175	17.37425	67.88095	6.00739	25.65132	-11.82891	-54.06376
40	15.66991	66.36479	7.02402	11.45712	-11.85507	-43.00008	16.29662	55.16859	5.11722	40.00325	-10.49135	-72.45626	14.35492	68.72910	4.94161	22.01872	-9.98531	-66.73334	18.02784	58.34007	6.32084	37.44575	-12.44548	-53.59192
41	16.28370	61.22864	7.15405	22.44394	-12.28714	-41.96944	16.79074	46.73882	5.55410	49.09361	-11.27576	-75.10480	15.00874	64.82533	5.20903	36.16692	-10.71778	-73.77071	18.58698	49.76670	6.76774	48.99042	-13.04374	-50.06913
42	16.84843	55.82622	7.40773	34.94822	-12.71438	-40.97744	17.20999	39.34061	6.08334	56.39950	-12.08361	-75.11488	15.63081	61.75364	5.61853	48.41174	-11.51835	-78.43145	19.06390	42.84239	7.33893	59.78076	-13.58117	-42.93293
43	17.36122	50.19870	7.79727	48.20209	-13.12919	-38.81831	17.56674	33.34161	6.68559	62.25089	-12.87740	-71.80343	16.22999	59.34861	6.14794	58.28922	-12.35146	-79.28373	19.47820	38.18849	8.01933	69.32366	-14.01501	-32.23880
44	17.82028	44.48571	8.32439	61.45573	-13.51166	-34.50854	17.87569	28.86168	7.34439	67.20427	-13.61424	-64.86207	16.81191	57.24121	6.77334	66.44202	-13.17149	-76.07807	19.85447	35.94596	8.79008	77.25087	-14.30914	-18.61855
45	18.22421	38.73739	8.98433	74.37216	-13.83507	-27.59226	18.14975	25.72289	8.05043	72.03893	-14.25356	-54.50354	17.37655	54.95944	7.48149	74.15329	-13.93756	-69.47530	20.21636	35.60709	9.63145	83.55433	-14.43913	-3.10521
46	18.57126	32.98651	9.77194	87.11420	-14.07160	-18.03872	18.39860	23.64177	8.80385	77.55747	-14.76315	-41.38804	17.91807	52.11912	8.27140	82.27471	-14.61726	-59.93393	20.58080	36.12220	10.52822	88.83385	-14.39276	13.41569
47	18.86057	27.33759	10.68589	100.16792	-14.19487	-5.89802	18.62939	22.22042	9.61382	84.45170	-15.12130	-26.37175	18.42710	48.50273	9.14633	90.95455	-15.17995	-47.39009	20.95343	36.16605	11.47610	94.20420	-14.16280	30.88670
48	19.09349	21.85000	11.73064	114.11538	-14.17830	9.01343	18.84558	20.88718	10.49701	93.22211	-15.31510	-10.06228	18.89328	44.01826	10.10950	100.11886	-15.59407	-31.81249	21.32638	34.42788	12.48522	100.99148	-13.73494	50.19983
49	19.27227	16.39179	12.91639	129.41339	-13.99182	27.21724	19.04564	19.06590	11.47483	104.14458	-15.33413	7.63802	19.30729	38.65596	11.16468	109.79775	-15.83002	-13.43766	21.67788	29.81178	13.58078	110.56757	-13.07922	72.67337
50	19.39743	10.69019	14.25683	146.20981	-13.59865	49.57901	19.22380	16.25738	12.57094	117.41060	-15.16148	27.60881	19.66197	32.39466	12.31773	120.25916	-15.86099	7.64787	21.97385	21.73305	14.80225	124.09630	-12.14874	99.73879
51	19.46640	4.46791	15.76504	164.33008	-12.95148	77.27530	19.36930	12.01651	13.81129	133.24687	-14.76660	51.19682	19.95075	25.05569	13.57962	132.13602	-15.65713	31.94974	22.17422	10.46187	16.19777	142.05269	-10.87820	132.98929
52	19.47324	-2.46147	17.44995	183.40509	-11.98899	111.53587	19.46628	6.12831	15.22344	151.77025	-14.10174	79.86037	20.16415	16.35174	14.96976	146.25545	-15.17737	60.51904	22.24276	-2.95844	17.81291	163.98940	-9.18253	173.46931
53	19.40964	-10.14019	19.31403	202.95074	-10.63691	153.04149	19.49714	-1.28272	16.83225	172.69121	-13.10164	114.84242	20.28809	6.09962	16.51454	163.19604	-14.36549	94.57531	22.15392	-17.31821	19.67894	188.71568	-6.97092	220.23857
54	19.26659	-18.51903	21.35163	222.35565	-8.81769	201.14247	19.44557	-9.95471	18.65265	195.08505	-11.68814	156.62267	20.30517	-5.55399	18.24136	182.94264	-13.15188	135.01399	21.89291	-31.80250	21.80437	214.64203	-4.17872	269.43558
55	19.03503	-27.66182	23.54802	240.89841	-6.46928	253.24484	19.29668	-19.87510	20.68151	217.51845	-9.78336	204.06067	20.19931	-18.06556	20.17036	204.76218	-11.46087	181.74736	21.45209	-46.29687	24.17318	240.19551	-0.80826	314.04840
56	18.70389	-37.98788	25.88078	257.83310	-3.56905	304.57391	19.03316	-31.57805	22.89575	238.59923	-7.33334	253.54498	19.96037	-30.76464	22.30635	227.33601	-9.22490	233.04994	20.82468	-61.48432	26.75260	264.06070	3.02691	344.63916
57	18.25636	-50.33427	28.32444	272.45438	-0.15831	348.31708	18.63049	-45.93122	25.26011	257.35910	-4.34039	298.68390	19.58457	-43.39313	24.63460	249.16333	-6.40501	285.10889	19.99997	-78.41390	29.50765	284.87485	7.07590	352.19885
58	17.66758	-65.67492	30.85678	284.10263	3.63563	376.41476	18.05797	-63.49372	27.73912	273.00928	-0.89687	330.96069	19.06871	-56.49093	27.12504	268.90417	-3.01868	331.74933	18.96448	-97.63113	32.41091	300.72021	10.98161	332.15393
59	16.90647	-84.56773	33.46450	292.14627	7.59029	381.43335	17.28632	-84.06733	30.30478	284.52405	2.79230	341.55185	18.40290	-71.18575	29.74232	285.36612	0.82644	364.71408	17.70944	-118.53868	35.44099	309.31326	14.37105	286.09674
60	15.94246	-106.62817	36.14375	295.94437	11.40788	359.06970	16.29575	-106.68371	32.93850	290.72156	6.41800	324.20142	17.56812	-88.51318	32.45635	297.37347	4.90859	375.43585	16.24035	-139.35503	38.57248	308.93271	16.94933	219.93037
61	14.75521	-130.30081	38.89348	294.79636	14.76756	309.85117	15.08179	-129.77017	35.62969	290.70462	9.61959	278.02136	16.54137	-108.74677	35.24884	303.73663	8.90422	358.32736	14.58378	-157.71220	41.76437	299.23859	18.54214	141.10323
62	13.34423	-153.13882	41.70295	288.05255	17.39138	239.02754	13.65884	-151.35826	38.37074	284.17810	12.06947	208.34821	15.30486	-131.09607	38.11156	303.43436	12.45115	313.42691	12.78632	-171.67500	44.95365	281.46439	19.09538	57.59412
63	11.73320	-172.57932	44.54072	275.48645	19.09613	155.09248	12.05947	-169.35522	41.14663	271.55585	13.55186	125.22511	13.85405	-153.77063	41.03537	295.90228	15.23507	246.19025	10.90303	-180.48814	48.05751	257.93121	18.67090	-22.35387
64	9.96661	-186.73532	47.35259	257.54114	19.81981	67.88538	10.33037	-181.88979	43.92274	253.83685	14.00910	40.80238	12.20253	-174.38084	43.99311	281.25024	17.05264	165.33186	8.98353	-184.60139	50.98240	231.04568	17.43647	-91.64176
65	8.10089	-194.86760	50.06758	235.15637	19.62275	-13.55546	8.52822	-187.81396	46.63943	232.20268	13.54764	-33.46191	10.38245	-190.58363	46.92844	260.29187	17.83975	80.80527	7.06250	-185.25745	53.63604	202.42203	15.62465	-146.07024
66	6.19148	-197.44655	52.60747	209.44080	18.65956	-82.85046	6.71286	-187.29245	49.21722	207.63638	12.40133	-89.54102	8.44158	-200.82172	49.75851	234.41093	17.67288	1.91269	5.15664	-183.74969	55.93896	172.69466	13.46821	-184.63921
67	4.28205	-195.70627	54.89689	181.41887	17.13254	-136.78957	4.93359	-181.90436	51.56944	180.85336	10.85846	-124.84304	6.43517	-204.73466	52.38998	205.18893	16.73835	-64.87173	3.27296	-180.58907	57.83197	141.83383	11.14932	-208.42560
68	2.40340	-190.99065	56.87183	151.92464	15.24687	-174.66568	3.21869	-173.86778	53.61731	152.38316	9.17572	-142.32886	4.41709	-203.01219	54.73510	173.91528	15.26802	-117.05340	1.42397	-175.54512	59.27658	109.57588	8.78712	-219.29256
69	0.57814	-184.40741	58.48523	121.64407	13.17913	-197.41364	1.57746	-165.11319	55.30105	122.66500	7.51625	-148.42056	2.43312	-196.92313	56.72194	141.37975	13.47202	-155.21080	-0.36884	-168.62569	60.25251	75.79717	6.45590	-219.46428
70	-1.17775	-176.77802	59.70861	91.07984	11.06192	-206.85713	0.00777	-156.94371	56.58363	92.16402	5.93594	-149.86333	0.51882	-187.92776	58.29696	107.93238	11.50333	-181.09921	-2.08560	-160.51962	60.75646	40.68089	4.20650	-211.71973
71	-2.85470	-168.64113	60.53023	60.44668	8.98730	-205.14774	-1.49849	-150.01569	57.44921	61.36487	4.41372	-150.90068	-1.30250	-177.50040	59.42409	73.69110	9.45771	-196.52457	-3.71578	-152.13806	60.80049	4.69582	2.07635	-198.98051
72	-4.44850	-160.30809	60.95292	29.72379	7.01988	-194.72430	-2.95084	-144.27304	57.89994	30.66719	2.90665	-151.91020	-3.02112	-166.79750	60.08371	38.77068	7.39048	-203.26595	-5.25823	-144.19919	60.41071	-31.57510	0.09446	-183.51685
73	-5.95920	-151.89882	60.99170	-1.17138	5.20577	-178.66606	-4.35450	-139.10701	57.95197	0.30697	1.40046	-150.87004	-4.63616	-156.30617	60.27243	3.37789	5.33603	-203.09035	-6.71934	-136.90627	59.62361	-67.75295	-1.71807	-166.79674
74	-7.38870	-143.33232	60.66937	-32.23206	3.56917	-160.75566	-5.70831	-133.88898	57.63094	-29.66308	-0.08140	-146.56548	-6.14828	-146.02245	60.00078	-32.17523	3.32457	-197.48000	-8.10603	-129.76939	58.47771	-103.71679	-3.35070	-149.57716
75	-8.73746	-134.42274	60.01170	-63.33630	2.10468	-144.64578	-7.00809	-128.32179	56.96814	-59.29116	-1.50616	-139.81902	-7.55803	-135.91150	59.29083	-67.54567	1.39173	-187.50983	-9.41839	-122.16148	57.00586	-139.12932	-4.80111	-131.92621
76	-10.00308	-125.09312	59.04438	-94.26617	0.77963	-132.61473	-8.24976	-122.33813	55.99860	-88.60558	-2.85432	-131.98174	-8.86731	-126.03254	58.17321	-102.48984	-0.42244	-174.16730	-10.65160	-114.03687	55.23664	-173.03758	-6.06866	-113.64854
77	-11.18209	-115.52490	57.79218	-124.63454	-0.45112	-124.85612	-9.42982	-115.97330	54.75763	-117.56553	-4.11798	-123.38242	-10.07918	-116.47454	56.68508	-136.76532	-2.08381	-158.62009	-11.80340	-105.79314	53.20032	-204.09377	-7.15213	-95.06479
78	-12.27297	-106.08379	56.27928	-153.89510	-1.62525	-119.72810	-10.54607	-109.37291	53.27546	-146.01976	-5.28829	-113.42003	-11.19789	-107.34020	54.86875	-169.95123	-3.57337	-141.98993	-12.87548	-97.67641	50.93015	-231.03194	-8.05501	-77.20605
79	-13.27748	-97.08846	54.52883	-181.57803	-2.75856	-114.90734	-11.59837	-102.72830	51.57444	-173.66878	-6.35065	-101.60082	-12.22939	-98.75961	52.76933	-201.41484	-4.88789	-125.08498	-13.86973	-89.55323	48.46098	-253.01558	-8.78871	-61.25397
80	-14.19948	-88.62582	52.56117	-207.49535	-3.84479	-108.66982	-12.58814	-96.12907	49.67012	-200.05186	-7.28946	-88.16086	-13.18178	-90.83377	50.43180	-230.39922	-6.03526	-108.41894	-14.78473	-81.04683	45.82719	-269.78491	-9.37241	-48.22643
81	-15.04240	-80.58644	50.39310	-231.56752	-4.86566	-100.35986	-13.51641	-89.42979	47.57453	-224.56268	-8.09418	-73.86254	-14.06391	-83.52075	47.89700	-256.12781	-7.02818	-92.39001	-15.61434	-71.68882	43.06045	-281.64120	-9.83546	-38.73074
82	-15.80862	-72.77669	48.04047	-253.50459	-5.80001	-90.19268	-14.38090	-82.28347	45.29872	-246.55266	-8.76065	-59.44564	-14.88292	-76.47006	45.20040	-278.03671	-7.87999	-77.28883	-16.34694	-61.12296	40.18934	-289.23038	-10.21296	-32.21927
83	-16.49931	-64.96034	45.52058	-272.81583	-6.63054	-78.92119	-15.17491	-74.32915	42.85392	-265.51559	-9.28850	-45.30644	-15.63943	-69.06547	42.37049	-295.95642	-8.60065	-63.09036	-16.96792	-49.40445	37.24199	-293.20410	-10.52883	-26.89943
84	-17.11385	-56.92410	42.85233	-289.12906	-7.34824	-67.34743	-15.88853	-65.35345	40.25255	-281.18567	-9.67859	-31.72530	-16.32658	-60.83718	39.42828	-309.96506	-9.19347	-49.53030	-17.46534	-37.16886	34.24855	-293.98169	-10.78445	-20.81840
85	-17.64990	-48.57551	40.05455	-302.42804	-7.95117	-55.86919	-16.51123	-55.41215	37.51056	-293.48822	-9.93624	-19.32770	-16.93451	-51.78694	36.39024	-320.22464	-9.65699	-36.46048	-17.83632	-25.49357	31.24272	-291.58539	-10.96249	-12.66570
86	-18.10449	-40.05654	37.14528	-312.85175	-8.44027	-44.53381	-17.03505	-44.88102	34.64959	-302.46771	-10.07705	-8.93595	-17.45595	-42.28794	33.27219	-327.01620	-9.99036	-23.71377	-18.09084	-15.53905	28.26395	-285.61108	-11.03555	-1.91431
87	-18.47713	-31.84224	34.14488	-320.20807	-8.81777	-33.45644	-17.45734	-34.25885	31.69833	-308.14740	-10.12518	-0.94555	-17.88753	-32.73593	30.09023	-330.51068	-10.19126	-10.88165	-18.25144	-8.25927	25.35833	-275.41037	-10.97742	10.75598
88	-18.77364	-24.62980	31.08206	-323.74677	-9.08901	-23.09001	-17.77949	-23.98663	28.69216	-310.14941	-10.10513	4.87333	-18.22774	-23.37266	26.86621	-330.29523	-10.25443	2.22351	-18.35000	-4.19579	22.57601	-260.41742	-10.78072	23.36315
89	-19.00717	-18.98073	27.99744	-322.38544	-9.26499	-14.06648	-18.00636	-14.60362	25.67443	-307.41788	-10.03599	9.20117	-18.47591	-14.39689	23.63558	-325.29947	-10.17718	15.04935	-18.42160	-3.30779	19.96631	-240.49774	-10.46612	33.61969
90	-19.19472	-15.04605	24.94257	-315.07693	-9.36174	-6.74142	-18.14878	-6.85995	22.69847	-298.52826	-9.92795	12.89052	-18.63431	-6.09961	20.45217	-314.21085	-9.96809	26.39605	-18.49706	-4.94322	17.57299	-216.17097	-10.07480	39.93798
91	-19.35233	-12.65441	21.97528	-301.02866	-9.39558	-1.03934	-18.22527	-1.48426	19.82744	-282.35904	-9.78327	16.38999	-18.70956	1.20827	17.38494	-296.04086	-9.65107	34.86456	-18.59689	-8.00489	15.43136	-188.57588	-9.65466	41.75071
92	-19.49330	-11.57012	19.15516	-279.81131	-9.38084	3.20596	-18.26004	1.16668	17.13091	-258.66446	-9.60417	19.34190	-18.71153	7.26071	14.51031	-270.41031	-9.26524	39.18437	-18.72822	-11.29033	13.56753	-159.14807	-9.24877	39.25801
93	-19.62878	-11.51304	16.54083	-251.52953	-9.33206	6.17389	-18.27840	1.25878	14.67812	-228.21779	-9.40082	20.76497	-18.65293	11.79529	11.90592	-237.60791	-8.86179	38.62223	-18.88646	-13.80030	11.99970	-129.30399	-8.89276	32.87764
94	-19.76638	-11.96873	14.18835	-217.07060	-9.26167	8.52921	-18.30216	-0.58163	12.53095	-192.57162	-9.19504	19.64995	-18.54958	14.62336	9.64480	-198.69830	-8.49448	33.44595	-19.05862	-14.78265	10.73814	-100.34737	-8.61876	23.35680
95	-19.90696	-12.15216	12.14898	-178.24353	-9.17100	11.70552	-18.34563	-3.38431	10.73771	-153.75107	-9.01652	15.72702	-18.41888	15.80602	7.78773	-155.67876	-8.20639	24.96251	-19.22548	-13.69536	9.78196	-73.36970	-8.45027	12.67246
96	-20.04255	-11.14738	10.46499	-137.67102	-9.04256	17.71987	-18.41275	-5.96566	9.32848	-114.07845	-8.89151	9.93022	-18.27600	15.75957	6.37389	-111.29148	-8.02024	15.18633	-19.36386	-10.34268	9.11697	-48.99949	-8.38412	4.28127
97	-20.15564	-8.13628	9.16225	-98.27224	-8.83682	28.91265	-18.49544	-7.08146	8.31101	-76.08942	-8.83014	4.33619	-18.13001	15.25793	5.41536	-68.51759	-7.93392	6.78341	-19.45133	-4.99100	8.71817	-27.33622	-8.37618	1.95521
98	-20.22137	-2.70836	8.24465	-62.39777	-8.49087	47.61720	-18.57359	-5.64083	7.66760	-42.31361	-8.81637	1.82258	-17.98039	15.20317	4.89379	-30.01928	-7.91444	3.04721	-19.47059	1.78401	8.55421	-8.15226	-8.34585	8.44908
99	-20.21298	4.94882	7.69421	-31.21107	-7.92068	75.31142	-18.61748	-0.97461	7.35524	-14.77876	-8.80215	5.50477	-17.81813	16.25349	4.76186	2.29935	-7.89492	7.30051	-19.41094	9.27958	8.59186	8.92676	-8.19114	25.10126
100	-20.10840	14.12605	7.47559	-4.82415	-7.03453	111.14815	-18.59329	6.86600	7.31113	5.65348	-8.70878	17.87510	-17.62989	18.65368	4.94933	27.47407	-7.77952	21.90670	-19.26943	16.69594	8.79998	24.31104	-7.80490	51.29391
101	-19.89503	23.86240	7.54111	17.14056	-5.76360	150.26192	-18.47208	16.99924	7.46432	19.57448	-8.43872	39.95115	-17.40257	22.21022	5.37315	45.61792	-7.45862	47.26135	-19.05203	23.25162	9.15250	38.28300	-7.10214	82.86893