	F01WBS_1.c3d	F01WBS_1.c3d	F01WBS_1.c3d	F01WBS_1.c3d	F01WBS_1.c3d	F01WBS_1.c3d	F01WBS_2.c3d	F01WBS_2.c3d	F01WBS_2.c3d	F01WBS_2.c3d	F01WBS_2.c3d	F01WBS_2.c3d	F01WBS_3.c3d	F01WBS_3.c3d	F01WBS_3.c3d	F01WBS_3.c3d	F01WBS_3.c3d	F01WBS_3.c3d	F01WBS_4.c3d	F01WBS_4.c3d	F01WBS_4.c3d	F01WBS_4.c3d	F01WBS_4.c3d	F01WBS_4.c3d	F01WBS_5.c3d	F01WBS_5.c3d	F01WBS_5.c3d	F01WBS_5.c3d	F01WBS_5.c3d	F01WBS_5.c3d
	Right_Hip_Angle	Right_Hip_Velocity	Right_Knee_Angle	Right_Knee_Velocity	Right_Ankle_Angle	Right_Ankle_Velocity	Right_Hip_Angle	Right_Hip_Velocity	Right_Knee_Angle	Right_Knee_Velocity	Right_Ankle_Angle	Right_Ankle_Velocity	Right_Hip_Angle	Right_Hip_Velocity	Right_Knee_Angle	Right_Knee_Velocity	Right_Ankle_Angle	Right_Ankle_Velocity	Right_Hip_Angle	Right_Hip_Velocity	Right_Knee_Angle	Right_Knee_Velocity	Right_Ankle_Angle	Right_Ankle_Velocity	Right_Hip_Angle	Right_Hip_Velocity	Right_Knee_Angle	Right_Knee_Velocity	Right_Ankle_Angle	Right_Ankle_Velocity
	LINK_MODEL_BASED	LINK_MODEL_BASED	LINK_MODEL_BASED	LINK_MODEL_BASED	LINK_MODEL_BASED	LINK_MODEL_BASED	LINK_MODEL_BASED	LINK_MODEL_BASED	LINK_MODEL_BASED	LINK_MODEL_BASED	LINK_MODEL_BASED	LINK_MODEL_BASED	LINK_MODEL_BASED	LINK_MODEL_BASED	LINK_MODEL_BASED	LINK_MODEL_BASED	LINK_MODEL_BASED	LINK_MODEL_BASED	LINK_MODEL_BASED	LINK_MODEL_BASED	LINK_MODEL_BASED	LINK_MODEL_BASED	LINK_MODEL_BASED	LINK_MODEL_BASED	LINK_MODEL_BASED	LINK_MODEL_BASED	LINK_MODEL_BASED	LINK_MODEL_BASED	LINK_MODEL_BASED	LINK_MODEL_BASED
	ORIGINAL	ORIGINAL	ORIGINAL	ORIGINAL	ORIGINAL	ORIGINAL	ORIGINAL	ORIGINAL	ORIGINAL	ORIGINAL	ORIGINAL	ORIGINAL	ORIGINAL	ORIGINAL	ORIGINAL	ORIGINAL	ORIGINAL	ORIGINAL	ORIGINAL	ORIGINAL	ORIGINAL	ORIGINAL	ORIGINAL	ORIGINAL	ORIGINAL	ORIGINAL	ORIGINAL	ORIGINAL	ORIGINAL	ORIGINAL
ITEM	Y	Y	Y	Y	Y	Y	Y	Y	Y	Y	Y	Y	Y	Y	Y	Y	Y	Y	Y	Y	Y	Y	Y	Y	Y	Y	Y	Y	Y	Y
1	-19.92965	63.21814	7.11164	38.28042	-6.53878	54.96822	-17.94150	16.42769	8.28850	82.64044	-0.30403	87.80299	-18.19240	21.02645	8.61093	84.73769	-1.15514	113.77471	-19.59620	23.13671	8.45302	66.13177	-1.00008	104.10938	-17.53168	42.19871	8.70578	19.99125	0.41974	112.51677
2	-19.16122	72.51777	7.69384	40.21748	-5.83404	82.10969	-17.62253	12.72865	9.27725	97.69437	0.60778	95.29045	-17.73602	22.17366	9.64918	91.91344	-0.02050	110.93250	-19.14223	17.61466	9.44229	83.93023	0.19809	113.96146	-17.00535	38.92271	9.06543	38.02826	1.55295	120.70032
3	-18.26490	78.09669	8.35285	38.05108	-4.78463	109.60465	-17.29012	8.26554	10.41055	110.15497	1.52578	89.42229	-17.22158	22.16436	10.74700	98.70701	0.98002	91.55244	-18.65331	11.85754	10.64083	99.19121	1.39256	105.64143	-16.43989	35.58080	9.63570	55.85262	2.68793	111.56307
4	-17.29054	78.59879	9.02868	37.05998	-3.43744	129.78194	-16.95674	3.99176	11.64355	120.56041	2.28613	69.95144	-16.67784	21.13157	11.87785	105.84543	1.65534	60.91254	-18.13201	7.24462	11.97929	111.15775	2.34993	80.60628	-15.85476	32.02886	10.38864	73.78441	3.63210	85.41161
5	-16.30602	73.45631	9.70634	42.63005	-1.94239	135.87317	-16.62918	1.16507	12.93336	127.99670	2.75814	41.06679	-16.13018	20.04425	13.02582	111.71542	1.91682	27.18690	-17.57676	5.13338	13.37609	117.60775	2.91119	45.60006	-15.26988	28.88547	11.29526	90.37989	4.23381	47.84520
6	-15.38883	63.56407	10.41652	56.95850	-0.51499	125.77265	-16.30472	0.88888	14.23388	130.79083	2.88396	8.82116	-15.59133	20.39327	14.16994	113.96509	1.79397	-2.70099	-16.98494	6.51664	14.74204	116.79788	3.02911	8.31308	-14.69371	27.38439	12.31608	102.86145	4.42443	6.65239
7	-14.60602	51.43374	11.20817	77.24525	0.64393	102.46424	-15.97189	3.67781	15.49598	127.86650	2.67927	-21.46253	-15.05935	23.45232	15.27967	111.19305	1.39224	-25.44489	-16.35690	11.79065	15.99929	109.13780	2.74732	-25.46399	-14.11741	28.68631	13.39558	108.53997	4.21883	-31.20654
8	-13.99078	40.39492	12.10966	97.44000	1.41249	71.55099	-15.61685	9.34482	16.67418	119.57240	2.20732	-46.54522	-14.52299	29.66407	16.31964	103.36914	0.82996	-41.25403	-15.69896	20.69028	17.09966	96.79484	2.15712	-52.59407	-13.52009	33.15473	14.46642	106.15831	3.68988	-61.30890
9	-13.53183	33.20567	13.10647	111.60675	1.76319	38.76492	-15.23003	17.19891	17.73452	107.37586	1.54622	-65.36573	-13.96870	38.46483	17.25492	91.24446	0.19380	-52.05531	-15.02096	32.35895	18.02628	82.13501	1.35973	-72.14172	-12.88068	40.16682	15.46157	96.27129	2.93404	-82.13589
10	-13.18057	31.06177	14.14389	116.01872	1.74381	8.72277	-14.80886	26.32034	18.65739	92.92704	0.76576	-78.31075	-13.38546	48.58844	18.05385	75.67857	-0.47099	-59.63683	-14.33140	45.47844	18.78106	66.69250	0.44397	-84.55809	-12.18779	48.57114	16.32541	80.57375	2.04279	-94.36813
11	-12.86861	33.48744	15.14439	109.54626	1.44612	-15.69265	-14.35607	35.85182	19.43431	77.34649	-0.08094	-86.32872	-12.76509	58.66930	18.68934	57.37688	-1.14729	-64.93789	-13.63400	58.60160	19.37098	51.08900	-0.52285	-90.97786	-11.44155	57.29772	17.01779	60.93328	1.08753	-99.69880
12	-12.52669	38.97235	16.02888	93.31480	0.97158	-33.67936	-13.87475	45.24532	20.06202	61.04803	-0.95628	-90.34388	-12.10070	67.78541	19.14020	36.98988	-1.83016	-68.26918	-12.92673	70.61479	19.80086	35.40144	-1.49436	-92.63744	-10.64932	65.71625	17.51208	38.88719	0.11840	-99.85525
13	-12.09754	45.92513	16.73548	70.07668	0.40221	-46.14883	-13.36282	54.30662	20.53718	43.94351	-1.83322	-91.03176	-11.38508	75.63392	19.39281	15.37898	-2.51623	-69.68256	-12.20161	80.96729	20.07197	19.56173	-2.43859	-90.60162	-9.81900	73.68495	17.79245	15.73341	-0.82964	-96.23504
14	-11.54170	53.36579	17.22910	43.24617	-0.21186	-54.61414	-12.81020	63.04309	20.85386	25.88993	-2.69017	-88.94991	-10.61117	82.27501	19.44379	-6.12311	-3.19827	-69.24992	-11.44550	89.50033	20.18420	3.66438	-3.33267	-85.86960	-8.95466	81.31467	17.85384	-7.12031	-1.73129	-89.99716
15	-10.83859	61.09570	17.49927	15.92751	-0.84622	-60.21054	-12.20071	71.46587	21.00570	7.19879	-3.50966	-84.84460	-9.77462	87.80754	19.30357	-25.76060	-3.86514	-67.25220	-10.64351	96.18542	20.13984	-11.87599	-4.16146	-79.44053	-8.05758	88.66886	17.70507	-28.04091	-2.56851	-82.18533
16	-9.98419	69.42234	17.55228	-9.54109	-1.48863	-63.54515	-11.51810	79.45143	20.99187	-11.18737	-4.28090	-79.67059	-8.87618	92.30762	18.99776	-41.85965	-4.50529	-64.20324	-9.78356	101.00044	19.94701	-26.31548	-4.91687	-72.24061	-7.12937	95.63515	17.37042	-45.52833	-3.32996	-73.74593
17	-8.98801	78.69727	17.40554	-31.52993	-2.13048	-65.02934	-10.75217	86.73425	20.82182	-28.03112	-5.00063	-74.25615	-7.92125	95.93919	18.56321	-53.41021	-5.11119	-60.70818	-8.86001	103.91380	19.62207	-38.76603	-5.59766	-65.09438	-6.17298	101.93706	16.88585	-58.74577	-4.01131	-65.50595
18	-7.87092	88.90026	17.08569	-49.02081	-2.76440	-65.04863	-9.90137	93.09297	20.51469	-42.30056	-5.67045	-69.08395	-6.91789	98.95876	18.04073	-60.30423	-5.68136	-57.23028	-7.87400	104.98512	19.18907	-48.57031	-6.20953	-58.67225	-5.19174	107.17742	16.29096	-67.74153	-4.61548	-58.08876
19	-6.66267	99.39575	16.62637	-61.71321	-3.38391	-63.93148	-8.97091	98.58140	20.09516	-53.45956	-6.29407	-64.38784	-5.87531	101.53492	17.46775	-63.26805	-6.21862	-53.94737	-6.83081	104.56252	18.67538	-55.57638	-6.76378	-53.36850	-4.18869	111.01106	15.62141	-73.24710	-5.15081	-51.79855
20	-5.39736	109.04405	16.06312	-70.07503	-3.98331	-61.93828	-7.96899	103.46844	19.58875	-61.54884	-6.87663	-60.25666	-4.80310	103.62554	16.87261	-63.60696	-6.72669	-50.83572	-5.73666	103.35474	18.10654	-60.12903	-7.27380	-49.19781	-3.16585	113.42577	14.90486	-76.33105	-5.62766	-46.62204
21	-4.10767	116.65781	15.42729	-75.09133	-4.55790	-59.25640	-6.90442	107.92268	19.01770	-67.10715	-7.42355	-56.62177	-3.71003	105.15685	16.27151	-62.76868	-7.20828	-47.84501	-4.59726	102.17567	17.50213	-62.89142	-7.75059	-45.81970	-2.12200	114.75189	14.15957	-78.13133	-6.05562	-42.35082
22	-2.82047	121.48000	14.74213	-77.84909	-5.10381	-55.96544	-5.78628	111.84117	18.39837	-70.93834	-7.93884	-53.29884	-2.60241	106.28909	15.66927	-61.95002	-7.66476	-44.97100	-3.41861	101.51975	16.87416	-64.61079	-8.19938	-42.76892	-1.05278	115.38417	13.39469	-79.65377	-6.44213	-38.69869
23	-1.55491	123.44258	14.02237	-79.27401	-5.61714	-52.04121	-4.62424	115.02293	17.74070	-73.86670	-8.42442	-50.07795	-1.48210	107.39188	15.06238	-62.01316	-8.09645	-42.23216	-2.20879	101.47483	16.22835	-65.90752	-8.61996	-39.77206	0.04724	115.58725	12.61199	-81.66964	-6.79215	-35.40395
24	-0.32136	123.11942	13.27551	-80.09457	-6.09322	-47.43328	-3.42758	117.42334	17.04912	-76.59281	-8.88012	-46.76754	-0.34592	108.81287	14.44159	-63.63003	-8.50285	-39.63865	-0.97678	101.98814	15.56692	-67.20252	-9.01041	-36.86419	1.18316	115.53243	11.80792	-84.58806	-7.10899	-32.33392
25	0.87839	121.39352	12.50336	-80.82760	-6.52645	-42.21584	-2.20376	119.22358	16.32391	-79.64516	-9.30382	-43.21832	0.81417	110.77110	13.79321	-67.25898	-8.88327	-37.17477	0.26995	103.01376	14.89023	-68.84022	-9.37081	-34.21815	2.35759	115.36687	10.97747	-88.28682	-7.39614	-29.53163
26	2.04934	119.06803	11.70499	-81.68896	-6.91176	-36.77588	-0.95717	120.80412	15.56263	-83.40025	-9.69214	-39.35868	2.00842	113.39054	13.10150	-72.93694	-9.23764	-34.76778	1.52729	104.64104	14.19588	-71.20515	-9.70395	-31.94141	3.56811	115.16322	10.11843	-92.15546	-7.65865	-27.17990
27	3.20049	116.72370	10.88119	-82.56200	-7.24814	-31.88972	0.31255	122.73596	14.76094	-88.11499	-10.04166	-35.22346	3.24589	116.70215	12.35231	-80.23220	-9.56624	-32.26656	2.79656	107.17274	13.47710	-74.58638	-10.01431	-30.03666	4.80615	114.95444	9.23402	-95.34053	-7.90350	-25.51109
28	4.34224	114.80259	10.03822	-83.16644	-7.54261	-28.48411	1.61183	125.62578	13.91310	-93.89738	-10.35023	-30.96738	4.53285	120.63277	11.53605	-88.34776	-9.86841	-29.51943	4.08342	110.90922	12.72383	-79.00385	-10.30661	-28.43905	6.05934	114.80783	8.33319	-97.07845	-8.13879	-24.70405
29	5.48502	113.66459	9.18781	-83.25374	-7.81105	-27.16222	2.95165	129.71466	13.01282	-100.57305	-10.61832	-26.86183	5.87184	125.00400	10.65043	-96.14872	-10.14243	-26.54501	5.39511	115.88894	11.92527	-84.16708	-10.58446	-27.06072	7.31518	114.67921	7.42890	-96.89464	-8.37256	-24.80656
30	6.63789	113.51665	8.34456	-82.64608	-8.07431	-27.97149	4.34154	134.58116	12.05595	-107.51445	-10.84977	-23.25350	7.25896	129.45854	9.70358	-102.17390	-10.38747	-23.65180	6.73787	121.82160	11.07376	-89.38634	-10.85001	-25.82014	8.56129	114.24412	6.53681	-94.52911	-8.61200	-25.67651
31	7.80731	114.32658	7.52323	-81.16644	-8.35376	-30.62605	5.78259	139.34993	11.04474	-113.57092	-11.05165	-20.45052	8.68014	133.38156	8.71651	-104.92288	-10.60656	-21.37298	8.11369	128.14435	10.17022	-93.66412	-11.10410	-24.59943	9.78355	113.09584	5.67522	-89.78844	-8.86199	-27.04185
32	8.99635	115.88986	6.73753	-78.48043	-8.66880	-34.74667	7.26357	143.18513	9.99228	-117.25504	-11.23282	-18.57927	10.11187	135.94626	7.72176	-103.29087	-10.80811	-20.21281	9.51867	134.20071	9.22629	-95.91484	-11.34586	-23.32280	10.96679	111.13523	4.86505	-82.52896	-9.12514	-28.75412
33	10.20396	117.93464	6.00118	-74.02531	-9.03410	-39.86962	8.76188	145.49809	8.92413	-117.21555	-11.40159	-17.54994	11.52522	136.31676	6.75929	-96.75560	-11.00441	-20.40063	10.94325	139.41046	8.26480	-95.13333	-11.57456	-22.21973	12.09879	108.64304	4.12884	-72.70180	-9.40456	-30.92416
34	11.42501	120.00801	5.32977	-67.14149	-9.45701	-45.51498	10.24906	145.83795	7.87520	-112.63119	-11.56436	-17.13324	12.88968	134.02034	5.87177	-85.44170	-11.20841	-21.86311	12.37409	143.20361	7.31801	-90.64280	-11.79420	-21.74286	13.17319	106.04291	3.48978	-60.44581	-9.70596	-33.72353
35	12.64897	121.31950	4.74255	-57.29587	-9.93878	-51.31306	11.69496	143.93704	6.88514	-103.30576	-11.72514	-17.05119	14.17812	129.22624	5.09851	-70.20120	-11.43153	-24.36872	13.79421	144.94286	6.42312	-82.36144	-12.01345	-22.06954	14.18997	103.70036	2.96942	-46.25620	-10.03648	-37.09626
36	13.85854	120.98403	4.26234	-44.37449	-10.47718	-56.95787	13.07226	139.96576	5.99283	-89.63076	-11.88566	-17.13322	15.37217	122.50623	4.46958	-52.45134	-11.68304	-27.64270	15.18337	144.04718	5.61543	-70.80766	-12.24000	-22.95477	15.15472	101.66457	2.58339	-30.95056	-10.40123	-40.69088
37	15.03224	118.59654	3.91166	-28.93045	-11.06738	-62.11858	14.36101	134.49763	5.23175	-72.47054	-12.04733	-17.45059	16.46284	114.38223	4.00405	-33.73090	-11.96985	-31.32408	16.51922	140.15936	4.92416	-56.81846	-12.47746	-24.07107	16.07458	99.56564	2.33978	-15.33954	-10.80080	-44.03531
38	16.15185	114.46608	3.70681	-12.10236	-11.70199	-66.44405	15.55116	128.11826	4.62704	-53.04368	-12.21373	-18.22107	17.44850	105.29659	3.71119	-15.29384	-12.29450	-34.85336	17.77980	133.23531	4.37157	-41.30315	-12.72661	-25.14202	16.95484	96.94721	2.24141	0.10115	-11.23129	-46.70492
39	17.20834	109.25348	3.65482	4.86940	-12.37109	-69.57988	16.64200	121.16283	4.19423	-32.72193	-12.39070	-19.52203	18.33405	95.83673	3.59199	2.05360	-12.65236	-37.52595	18.94658	123.49819	3.97340	-25.10118	-12.98522	-25.79472	17.79823	93.62614	2.28947	15.19880	-11.68536	-48.33386
40	18.20162	103.44328	3.75557	21.07758	-13.06209	-71.15280	17.63921	113.76007	3.93945	-12.77382	-12.58307	-21.08087	19.13116	86.72979	3.64077	17.96094	-13.03108	-38.71247	20.00565	111.40182	3.73961	-8.90612	-13.24653	-25.60688	18.60667	89.66949	2.48435	29.86585	-12.15218	-48.63417
41	19.13563	97.10932	4.00552	36.07739	-13.75932	-70.77699	18.55267	105.98806	3.86065	5.91556	-12.79078	-22.34138	19.85615	78.59731	3.84793	32.45081	-13.41276	-38.02059	20.94932	97.76714	3.67525	6.84026	-13.49980	-24.28246	19.38154	85.16827	2.82428	44.03261	-12.61798	-47.44950
42	20.01241	90.08535	4.40055	49.82832	-14.44356	-68.14936	19.39365	98.01715	3.95075	23.00412	-13.00690	-22.70397	20.52669	71.72868	4.20288	45.78265	-13.77679	-35.31979	21.77838	83.81829	3.78178	22.00192	-13.73201	-21.68147	20.12231	80.18217	3.30467	57.63084	-13.06681	-44.60938
43	20.82985	82.29598	4.93686	62.63509	-15.09242	-63.09593	20.17344	90.10892	4.20120	38.61157	-13.21843	-21.65499	21.15790	65.98669	4.69664	58.36255	-14.10206	-30.65695	22.50349	70.92896	4.05780	36.72317	-13.92895	-17.75093	20.82718	74.89140	3.91802	70.54444	-13.47920	-39.73899
44	21.58302	73.95321	5.61215	75.08119	-15.67960	-55.41821	20.90223	82.41399	4.60430	53.15748	-13.40704	-18.69005	21.75858	61.00436	5.32359	70.63516	-14.36786	-24.04329	23.14328	60.23492	4.50089	51.39283	-14.07554	-12.28191	21.49516	69.67754	4.65465	82.63879	-13.83042	-32.39936
45	22.26699	65.47108	6.42664	87.84939	-16.17236	-44.75070	21.58640	74.81042	5.15511	67.21620	-13.54859	-13.17299	22.33132	56.50801	6.08109	82.99780	-14.55220	-15.23508	23.71946	52.24050	5.10983	66.50220	-14.15188	-4.56050	22.12794	64.92217	5.50420	93.91383	-14.09204	-22.32259
46	22.87810	57.15589	7.38383	101.55155	-16.52966	-30.57559	22.22608	66.98057	5.85232	81.36502	-13.61159	-4.29825	22.87496	52.27016	6.96946	95.84644	-14.62832	-3.69014	24.25001	46.66853	5.88583	82.35249	-14.12655	6.54785	22.72828	60.58502	6.45871	104.71879	-14.23383	-9.30379
47	23.41239	48.86300	8.49090	116.67569	-16.70199	-12.17701	22.81464	58.56185	6.69810	96.08343	-13.55555	8.77534	23.38464	47.71202	7.99388	109.70475	-14.56073	11.38318	24.74469	42.69331	6.83090	98.87672	-13.95440	22.09704	23.29428	55.96438	7.51699	115.73960	-14.22182	7.09307
48	23.86153	39.88839	9.75954	133.66153	-16.62956	11.47246	23.33944	49.21891	7.69761	111.72449	-13.33108	26.71430	23.84735	41.76816	9.16706	125.21492	-14.30133	31.01291	25.20392	39.23200	7.94627	115.87085	-13.57922	42.79259	23.81393	49.98132	8.68673	127.67199	-14.01336	27.67776
49	24.20979	29.22326	11.20742	152.95493	-16.23870	41.57590	23.78325	38.76702	8.85817	128.49620	-12.88198	49.93449	24.23926	33.25504	10.50917	142.93832	-13.78648	56.43084	25.61887	35.16956	9.23409	133.33415	-12.93581	69.20355	24.26559	41.70985	9.98221	140.97261	-13.55175	53.53640
50	24.43365	15.95534	12.85839	174.87038	-15.44010	79.10851	24.12803	27.28016	10.18820	146.46152	-12.14709	78.69765	24.52753	21.29605	12.04480	163.20753	-12.93602	88.79276	25.97326	29.51430	10.70053	151.54514	-11.94736	102.06719	24.62243	30.59360	11.42098	155.99869	-12.76297	85.59638
51	24.50444	-0.45688	14.73886	199.32893	-14.13107	124.37047	24.35869	14.82447	11.69628	165.60699	-11.06050	113.12856	24.67475	5.56159	13.79942	186.02757	-11.65824	128.48273	26.24506	21.29387	12.35719	170.95261	-10.52095	141.97839	24.85506	16.37826	13.02326	173.17023	-11.56012	124.05605
52	24.39228	-20.01717	16.87103	225.69444	-12.20557	176.51062	24.46139	1.12286	13.39094	185.83936	-9.55410	152.99158	24.64476	-13.61067	15.79446	210.97614	-9.86534	174.31906	26.40500	9.45430	14.22062	192.00294	-8.55392	188.44475	24.93342	-0.87043	14.81129	192.80228	-9.85556	168.13031
53	24.07165	-41.99583	19.26518	252.77812	-9.57702	233.07166	24.42025	-14.18806	15.27873	206.80501	-7.56636	197.42052	24.40883	-35.17996	18.04190	237.13499	-7.49901	223.31477	26.41543	-6.70157	16.30958	214.86630	-5.95744	239.32922	24.83022	-20.67561	16.80556	214.83905	-7.57698	215.97549
54	23.52849	-64.82195	21.91338	278.88925	-6.21608	289.86185	24.21931	-30.97714	17.35960	227.75586	-5.05554	244.79315	23.95183	-57.49318	20.53823	262.99579	-4.55783	271.15375	26.23682	-26.88279	18.63925	239.13313	-2.68697	290.96585	24.52515	-42.07227	19.01999	238.70145	-4.68947	264.48965
55	22.76748	-86.37787	24.78594	301.94104	-2.18913	341.41098	23.84890	-48.40656	19.62275	247.63884	-2.01299	292.63934	23.27716	-78.66865	23.26013	286.53748	-1.11333	312.81360	25.83895	-49.79317	21.21353	263.77209	1.22555	338.10104	24.01003	-63.70827	21.45725	263.24359	-1.22328	309.28787
56	21.81375	-104.84626	27.83233	319.89944	2.32820	382.03915	23.31119	-65.26926	22.04515	265.41034	1.52519	337.42456	22.40624	-97.23598	26.16447	305.78699	2.69056	343.19534	25.20744	-73.71075	24.02037	287.43210	5.64029	374.26334	23.29110	-84.27351	24.10605	286.82281	2.70574	345.25629
57	20.70362	-119.56435	30.98942	331.30338	7.07815	407.25479	22.62004	-80.55155	24.59489	280.37219	5.46860	374.59933	21.37022	-112.60619	29.19696	319.31656	6.65509	358.24149	24.34190	-97.01598	27.03294	308.57211	10.31123	393.82178	22.38529	-102.89166	26.94077	307.51135	6.90074	367.74579
58	19.46982	-131.36496	34.19229	335.59985	11.78026	414.56528	21.79577	-93.89049	27.23764	292.26935	9.67164	399.48199	20.19994	-125.33281	32.30176	326.39514	10.56229	356.03369	23.25143	-118.61243	30.21054	325.42264	14.94480	394.14987	21.31363	-119.18407	29.92302	323.42258	11.12027	373.87601
59	18.12696	-142.18167	37.38909	333.10425	16.18983	402.83054	20.85653	-105.72566	29.94401	300.97610	13.94933	408.44092	18.91319	-137.00220	35.43166	326.99628	14.21377	336.55563	21.94675	-138.32645	33.50141	336.30515	19.27907	375.39081	20.09649	-133.41257	33.00621	333.14264	15.13165	362.97281
60	16.66864	-154.21759	40.55072	324.83856	20.11736	370.90674	19.81112	-117.18370	32.69273	306.17194	18.10517	399.17493	17.50860	-149.51178	38.55540	321.71790	17.44758	300.14288	20.43353	-156.94264	36.85062	340.27380	23.12161	338.36603	18.74652	-146.78281	36.14540	336.12973	18.75193	335.65283
61	15.07305	-169.15329	43.67525	312.56366	23.40544	317.27536	18.65471	-129.68948	35.47169	307.42459	21.95058	370.04633	15.96932	-164.26802	41.66008	311.77570	20.12457	246.50830	18.70998	-175.82063	40.21450	337.54065	26.32964	283.17828	17.26074	-161.16193	39.30859	332.87503	21.85006	292.21484
62	13.31422	-187.37086	46.77988	298.53238	25.89716	241.53702	17.37034	-144.30519	38.27675	304.50745	25.30542	319.76337	14.27287	-181.69307	44.74587	298.91757	22.10793	175.91052	16.77058	-195.95628	43.57041	329.29608	28.77036	210.07123	15.62108	-178.09676	42.48289	324.86603	24.31482	232.15698
63	11.37503	-207.61787	49.87987	284.79376	27.43869	146.99284	15.93716	-161.16237	41.10611	297.59662	27.99183	248.29755	12.40120	-201.09570	47.81289	285.04178	23.26928	91.56230	14.61733	-217.08234	46.91096	317.37238	30.31376	121.81187	13.80472	-197.91525	45.67030	314.27121	26.02901	155.92953
64	9.25708	-227.37418	52.96614	272.31458	27.92606	42.11880	14.34025	-179.39107	43.95224	287.27908	29.84201	158.40590	10.34893	-220.77124	50.84659	271.43262	23.52789	0.92956	12.27077	-237.65167	50.22898	303.71051	30.86953	25.17335	11.79731	-219.49716	48.87214	303.09476	26.88517	67.46574
65	6.98479	-243.64984	55.99374	260.32242	27.36368	-60.76738	12.57786	-197.54491	46.79447	274.48032	30.72665	56.43386	8.12943	-238.33176	53.80714	257.94751	22.89687	-85.50847	9.77170	-255.59325	53.49990	289.39713	30.43212	-70.02233	9.60193	-240.70425	52.06822	292.11099	26.83370	-25.10650
66	4.60361	-253.85971	58.88402	246.30193	25.88826	-149.24640	10.66199	-214.12852	49.59730	260.21838	30.59087	-48.25520	5.77682	-251.25571	56.62786	242.71080	21.49971	-157.64052	7.17177	-269.09204	56.66963	273.97421	29.09826	-153.57886	7.24095	-259.09277	55.20453	280.36423	25.92138	-111.41401
67	2.17371	-256.43387	61.53901	226.85379	23.73625	-214.77303	8.61555	-227.71681	52.31193	244.93472	29.47857	-145.00546	3.34328	-257.51852	59.22214	222.74377	19.53961	-209.24448	4.52290	-276.82687	59.65591	255.48872	27.05052	-217.64655	4.75306	-272.44467	58.19745	265.48849	24.29131	-182.09985
68	-0.23835	-251.04575	63.86003	199.09711	21.17502	-254.49928	6.47151	-236.93181	54.87741	227.85344	27.53335	-224.23183	0.89184	-256.14874	61.49813	195.45915	17.23972	-239.40553	1.87373	-277.81049	62.36120	231.16748	24.51973	-258.45126	2.18935	-279.08508	60.94935	244.63454	22.14765	-231.53600
69	-2.56860	-238.69173	65.76287	162.14738	18.44351	-270.44910	4.27211	-240.74834	57.22406	207.11967	24.97305	-279.64636	-1.51297	-247.48238	63.37664	160.06354	14.79201	-251.28104	-0.72776	-271.42432	64.68924	198.77708	21.74000	-276.73557	-0.39104	-278.23325	63.36708	215.77257	19.70648	-258.79245
70	-4.76584	-221.55325	67.19091	117.83218	15.72578	-267.60767	2.06461	-238.89832	59.28079	180.84598	22.04673	-309.59509	-3.81436	-232.96330	64.80383	117.85032	12.33670	-249.72380	-3.23270	-257.85574	66.56133	158.03229	18.90917	-276.89365	-2.92850	-270.18945	65.37727	178.72034	17.15572	-266.80475
71	-6.79950	-202.35040	68.12242	69.80277	13.14771	-252.24477	-0.10553	-231.91519	60.98555	148.30217	18.98708	-317.00174	-5.96894	-214.64401	65.75307	71.40513	9.96549	-239.45831	-5.59552	-238.45024	67.92680	110.83009	16.16517	-265.14352	-5.37022	-256.07800	66.93221	135.15956	14.63532	-260.66791
72	-8.66158	-183.43956	68.56608	21.63837	10.78031	-230.55623	-2.19963	-220.88684	62.29423	110.31117	15.97396	-307.81543	-7.95009	-194.67461	66.22015	23.57905	7.73208	-224.21211	-7.78188	-215.47601	68.76397	60.27084	13.58186	-247.44051	-7.67359	-237.47380	68.00786	87.78622	12.23394	-246.01064
73	-10.36140	-166.23914	68.54732	-24.40478	8.64691	-207.57338	-4.18881	-207.22414	63.18322	68.78257	13.12043	-288.70993	-9.74873	-174.93321	66.21756	-23.13758	5.66348	-206.34099	-9.77269	-191.39134	69.07511	9.46624	11.18314	-228.03392	-9.80768	-216.20740	68.59925	39.34248	9.99366	-227.69275
74	-11.91653	-151.12595	68.09612	-67.42480	6.73514	-186.54980	-6.05571	-192.42439	63.64743	26.00996	10.48058	-265.23083	-11.37192	-156.77219	65.77077	-66.89400	3.77255	-186.88120	-11.56203	-168.20616	68.88062	-39.24404	8.96415	-209.21768	-11.75547	-194.10651	68.71688	-8.01426	7.92206	-208.85338
75	-13.34286	-137.69968	67.24094	-107.31908	5.01281	-168.86127	-7.79484	-177.71155	63.69753	-15.95255	8.06817	-241.05864	-12.83768	-140.82687	64.91466	-106.64564	2.06815	-166.35751	-13.15330	-147.34029	68.21318	-84.53901	6.90868	-191.85545	-13.51305	-172.63739	68.38287	-52.89228	6.01027	-190.74059
76	-14.64889	-125.32975	66.00809	-144.18486	3.44396	-154.26653	-9.40936	-163.67088	63.35559	-55.79708	5.87483	-218.16502	-14.16692	-127.00441	63.68792	-142.17702	0.55384	-145.72003	-14.55779	-129.63966	67.11382	-126.00620	5.00012	-175.84953	-15.08584	-152.78650	67.62782	-94.48973	4.24824	-173.40894
77	-15.83744	-113.55915	64.42445	-178.05653	2.00209	-141.48331	-10.90438	-150.21284	62.64798	-93.09238	3.88283	-197.20686	-15.37611	-114.73131	62.12758	-173.88884	-0.77890	-126.22578	-15.79174	-115.22430	65.62721	-163.86108	3.23026	-160.39391	-16.48552	-135.13193	66.48860	-132.46461	2.62983	-156.56694
78	-16.90897	-102.08162	62.51801	-209.12650	0.67603	-128.99759	-12.28127	-136.98048	61.59961	-127.89151	2.07417	-177.79152	-16.47384	-103.22285	60.26543	-202.60194	-1.94894	-108.55674	-16.87173	-103.46638	63.79433	-198.53175	1.60440	-144.46373	-17.72737	-119.81794	65.00441	-167.00243	1.15243	-139.89818
79	-17.86115	-90.62119	60.31411	-237.90074	-0.53236	-115.71700	-13.53811	-123.80541	60.23335	-160.26994	0.43862	-158.90349	-17.45887	-91.71608	58.12548	-229.35757	-2.97503	-92.51481	-17.81105	-93.25621	61.64720	-230.43063	0.13796	-127.43435	-18.82639	-106.45297	63.20997	-198.80302	-0.18265	-123.10732
80	-18.68801	-78.94209	57.83302	-265.00363	-1.61437	-101.17686	-14.67348	-110.78471	58.57156	-190.31068	-1.02347	-139.65311	-18.32145	-79.80502	55.72431	-255.00531	-3.86806	-77.44562	-18.61759	-83.44673	59.20669	-259.96368	-1.15130	-109.26167	-19.79235	-94.22339	61.13041	-228.90096	-1.37096	-106.07064
81	-19.38174	-66.87459	55.09021	-290.93552	-2.55965	-85.43452	-15.68776	-98.06297	56.63499	-218.34344	-2.30630	-119.75484	-19.05101	-67.59386	53.07415	-279.96542	-4.62950	-62.61227	-19.29462	-73.23824	56.48479	-287.39337	-2.24838	-90.25060	-20.62720	-82.35043	58.77910	-258.27264	-2.40731	-88.91344
82	-19.93480	-54.30886	52.09809	-315.94623	-3.35915	-68.89710	-16.58125	-85.64556	54.44004	-244.94795	-3.40413	-99.35229	-19.64290	-55.45805	50.18528	-304.34320	-5.25181	-47.40097	-19.84434	-62.39968	53.49088	-312.66861	-3.14344	-70.88675	-21.32912	-70.36162	56.16074	-287.44110	-3.28747	-71.94168
83	-20.34150	-41.25406	48.86793	-339.92383	-4.00622	-52.21781	-17.35240	-73.37924	51.99791	-270.67920	-4.31206	-78.72494	-20.09968	-43.76576	47.06660	-327.85004	-5.72154	-31.63755	-20.27332	-51.23433	50.23895	-335.48145	-3.83378	-51.83514	-21.89645	-57.94712	53.27580	-316.39017	-4.00919	-55.56391
84	-20.60069	-27.94217	45.41358	-362.21301	-4.49767	-36.21638	-17.99777	-61.09071	49.31651	-295.72354	-5.02611	-58.28593	-20.43051	-32.76537	43.73080	-349.44724	-6.02645	-15.82239	-20.59499	-40.15289	46.75304	-355.38171	-4.32496	-33.85131	-22.32751	-44.81726	50.12507	-344.62299	-4.57351	-40.17907
85	-20.71898	-14.81937	41.75663	-381.51373	-4.83544	-21.71870	-18.51431	-48.74150	46.40493	-319.73981	-5.54581	-38.57659	-20.65028	-22.42894	40.20290	-367.32816	-6.16310	-0.96622	-20.82555	-29.28832	43.06892	-371.76938	-4.62955	-17.62196	-22.61945	-30.65582	46.71449	-371.17960	-4.98475	-26.11440
86	-20.71241	-2.46450	37.93272	-395.94427	-5.02747	-9.45092	-18.90171	-36.42669	43.27727	-341.86261	-5.87556	-20.08124	-20.77547	-12.39582	36.52684	-379.41895	-6.14047	11.82605	-20.97859	-18.59915	39.23319	-383.81720	-4.76571	-3.81385	-22.76705	-15.24422	43.06086	-394.63049	-5.25077	-13.72678
87	-20.60676	8.53918	33.99691	-403.30786	-5.08944	-0.03398	-19.16383	-24.33811	39.95701	-360.69052	-6.02396	-3.22373	-20.82004	-2.38183	32.76552	-383.93213	-5.97868	21.70835	-21.06518	-8.20013	35.30190	-390.40680	-4.75872	6.79177	-22.76540	1.15870	39.19787	-413.08771	-5.38489	-3.47909
88	-20.43463	17.80083	30.02469	-401.54114	-5.04632	6.17275	-19.31030	-12.89353	36.48141	-374.37668	-6.00498	11.35133	-20.79744	7.41979	28.99594	-379.61578	-5.70568	28.19447	-21.09863	1.50897	31.33962	-390.18542	-4.64417	13.58684	-22.61710	17.49175	35.18112	-424.29291	-5.40754	4.17218
89	-20.22970	25.12772	26.10758	-389.16162	-4.92965	9.31237	-19.35926	-2.79879	32.90499	-380.86642	-5.84238	22.72392	-20.72310	16.46400	25.30264	-365.76193	-5.35566	31.01372	-21.09837	9.94919	27.41733	-381.82382	-4.46426	16.73021	-22.34002	32.07700	31.08982	-425.93954	-5.34590	8.99383
90	-20.02324	30.31787	22.34344	-365.60431	-4.77194	9.99759	-19.33801	5.20505	29.30005	-378.24136	-5.57121	30.07804	-20.61351	24.13578	21.77121	-342.11633	-4.97056	30.07860	-21.08873	16.61337	23.60803	-364.31647	-4.25846	17.25292	-21.96888	43.25997	27.02232	-416.17343	-5.23078	11.05294
91	-19.84287	33.20191	18.82599	-331.37231	-4.60317	9.02278	-19.27949	10.72956	25.75354	-365.11801	-5.23445	33.03692	-20.48458	29.91125	18.48562	-308.92346	-4.59888	25.93603	-21.09361	21.21472	19.98301	-337.11322	-4.05668	16.52623	-21.54971	49.99072	23.08616	-393.97119	-5.09366	10.58405
92	-19.70759	33.99379	15.63752	-288.06030	-4.45059	7.16571	-19.21568	14.00017	22.35988	-340.98935	-4.87867	31.70478	-20.34977	33.58158	15.52609	-267.25159	-4.28489	20.23575	-21.13139	23.68061	16.61300	-300.18637	-3.87865	15.59137	-21.13102	52.07161	19.38880	-359.30865	-4.96598	7.90102
93	-19.61975	33.44045	12.84610	-238.21858	-4.33744	5.20457	-19.17003	15.77522	19.21238	-306.41745	-4.55039	26.74069	-20.21534	35.41286	12.96499	-219.23987	-4.05293	15.53190	-21.20995	24.27614	13.57334	-254.40437	-3.73695	14.87922	-20.75402	50.12461	16.03131	-313.27957	-4.87809	3.50509
94	-19.56159	32.50079	10.50586	-184.98560	-4.27814	4.10804	-19.15217	16.88830	16.39505	-263.01248	-4.28966	19.62334	-20.07732	35.97915	10.86007	-167.85562	-3.89600	14.51742	-21.32019	23.73696	10.94595	-202.00386	-3.63738	14.47168	-20.44473	45.33198	13.10402	-258.16730	-4.85507	-1.76960
95	-19.50224	31.95501	8.65525	-131.64775	-4.26963	5.21252	-19.15829	17.88295	13.97757	-213.28227	-4.11933	12.76928	-19.92388	35.87973	9.24771	-116.35780	-3.77355	19.20482	-21.43455	23.05159	8.81147	-146.53987	-3.57544	14.59580	-20.21069	39.05963	10.68126	-197.29393	-4.91031	-6.70657
96	-19.40841	32.22481	7.31182	-81.20159	-4.28314	10.17101	-19.17397	19.11379	12.01186	-160.42400	-4.03357	9.15035	-19.74010	35.59679	8.13792	-67.81415	-3.61764	30.53762	-21.51437	23.02045	7.23087	-92.16545	-3.53232	16.09387	-20.04342	32.55814	8.81403	-134.66249	-5.03876	-9.72830
97	-19.25411	33.28899	6.46783	-36.05550	-4.26114	20.76087	-19.17626	20.94907	10.52767	-107.90771	-3.99178	11.46335	-19.51139	35.45365	7.51308	-24.73126	-3.34423	48.37239	-21.52167	23.96500	6.22655	-42.71456	-3.47041	20.75940	-19.92340	26.87328	7.52213	-74.51835	-5.21100	-8.95279
98	-19.02495	34.75487	6.09079	2.04235	-4.12039	38.40038	-19.13741	23.67225	9.52955	-58.89412	-3.92295	21.28251	-19.22526	35.48833	7.33164	11.27268	-2.86849	71.21568	-21.42767	25.71387	5.77529	-1.07726	-3.32788	31.09445	-19.82385	22.84068	6.78984	-20.83105	-5.36911	-2.36488
99	-18.71725	36.03170	6.12819	32.11860	-3.76424	62.99943	-19.03012	27.26634	8.99767	-15.81636	-3.73985	38.59900	-18.87398	35.30121	7.53575	39.76105	-2.12920	95.30255	-21.21535	27.69399	5.81503	31.14680	-3.01967	49.00702	-19.71347	20.99158	6.56834	23.22410	-5.42874	11.72434
100	-18.33562	36.49677	6.51584	54.10081	-3.10995	91.44593	-18.83215	31.32197	8.89211	19.87238	-3.35822	61.59184	-18.45774	34.21160	8.06104	61.52311	-1.12660	113.99230	-20.87911	29.10376	6.26078	53.85765	-2.45560	73.66457	-19.55956	21.42276	6.78312	55.65876	-5.29165	33.81377
101	-17.89006	35.64642	7.18514	68.93800	-2.12941	116.97254	-18.52996	35.08677	9.15949	47.99048	-2.72065	86.07713	-17.98422	31.79594	8.84431	78.11508	0.04266	119.74017	-20.42302	29.20490	7.02095	68.59721	-1.58192	99.52079	-19.33207	23.74536	7.34380	76.00172	-4.86946	62.04749