	F02WBS_1.c3d	F02WBS_1.c3d	F02WBS_1.c3d	F02WBS_1.c3d	F02WBS_1.c3d	F02WBS_1.c3d	F02WBS_2.c3d	F02WBS_2.c3d	F02WBS_2.c3d	F02WBS_2.c3d	F02WBS_2.c3d	F02WBS_2.c3d	F02WBS_3.c3d	F02WBS_3.c3d	F02WBS_3.c3d	F02WBS_3.c3d	F02WBS_3.c3d	F02WBS_3.c3d	F02WBS_4.c3d	F02WBS_4.c3d	F02WBS_4.c3d	F02WBS_4.c3d	F02WBS_4.c3d	F02WBS_4.c3d	F02WBS_5.c3d	F02WBS_5.c3d	F02WBS_5.c3d	F02WBS_5.c3d	F02WBS_5.c3d	F02WBS_5.c3d
	Right_Hip_Angle	Right_Hip_Velocity	Right_Knee_Angle	Right_Knee_Velocity	Right_Ankle_Angle	Right_Ankle_Velocity	Right_Hip_Angle	Right_Hip_Velocity	Right_Knee_Angle	Right_Knee_Velocity	Right_Ankle_Angle	Right_Ankle_Velocity	Right_Hip_Angle	Right_Hip_Velocity	Right_Knee_Angle	Right_Knee_Velocity	Right_Ankle_Angle	Right_Ankle_Velocity	Right_Hip_Angle	Right_Hip_Velocity	Right_Knee_Angle	Right_Knee_Velocity	Right_Ankle_Angle	Right_Ankle_Velocity	Right_Hip_Angle	Right_Hip_Velocity	Right_Knee_Angle	Right_Knee_Velocity	Right_Ankle_Angle	Right_Ankle_Velocity
	LINK_MODEL_BASED	LINK_MODEL_BASED	LINK_MODEL_BASED	LINK_MODEL_BASED	LINK_MODEL_BASED	LINK_MODEL_BASED	LINK_MODEL_BASED	LINK_MODEL_BASED	LINK_MODEL_BASED	LINK_MODEL_BASED	LINK_MODEL_BASED	LINK_MODEL_BASED	LINK_MODEL_BASED	LINK_MODEL_BASED	LINK_MODEL_BASED	LINK_MODEL_BASED	LINK_MODEL_BASED	LINK_MODEL_BASED	LINK_MODEL_BASED	LINK_MODEL_BASED	LINK_MODEL_BASED	LINK_MODEL_BASED	LINK_MODEL_BASED	LINK_MODEL_BASED	LINK_MODEL_BASED	LINK_MODEL_BASED	LINK_MODEL_BASED	LINK_MODEL_BASED	LINK_MODEL_BASED	LINK_MODEL_BASED
	ORIGINAL	ORIGINAL	ORIGINAL	ORIGINAL	ORIGINAL	ORIGINAL	ORIGINAL	ORIGINAL	ORIGINAL	ORIGINAL	ORIGINAL	ORIGINAL	ORIGINAL	ORIGINAL	ORIGINAL	ORIGINAL	ORIGINAL	ORIGINAL	ORIGINAL	ORIGINAL	ORIGINAL	ORIGINAL	ORIGINAL	ORIGINAL	ORIGINAL	ORIGINAL	ORIGINAL	ORIGINAL	ORIGINAL	ORIGINAL
ITEM	Y	Y	Y	Y	Y	Y	Y	Y	Y	Y	Y	Y	Y	Y	Y	Y	Y	Y	Y	Y	Y	Y	Y	Y	Y	Y	Y	Y	Y	Y
1	-25.50025	10.90437	5.24141	63.02973	-0.13437	106.84377	-26.10100	34.38610	6.00796	35.72481	-1.12900	138.94084	-25.37919	14.33631	5.67415	66.65218	0.44621	154.16434	-25.46344	10.61903	5.04917	52.35399	0.92220	134.66438	-24.88241	28.87364	3.24416	8.03494	-1.21806	90.73764
2	-25.28394	15.24210	5.96971	68.80846	1.06396	133.79343	-25.67586	31.85749	6.59856	54.78998	0.36665	158.49350	-25.12499	14.89478	6.63394	85.52830	2.05854	156.99799	-25.26942	6.95375	5.78795	74.77456	2.35218	148.58972	-24.54597	27.82599	3.65427	33.55996	-0.13423	122.98248
3	-24.95740	18.35267	6.81851	77.42118	2.43279	142.65411	-25.24368	27.66630	7.41450	77.20428	1.95078	157.02219	-24.82209	14.79344	7.79901	105.37527	3.55099	138.41927	-25.07899	2.05669	6.76437	98.69711	3.78740	140.34023	-24.19412	25.33967	4.34059	56.14145	1.26987	146.82584
4	-24.53748	19.22807	7.80282	91.05869	3.73553	129.83414	-24.82640	22.77193	8.44884	102.07843	3.37521	132.25514	-24.47463	14.90375	9.14377	124.27390	4.70921	102.02505	-24.90804	-3.53083	7.97203	124.34151	4.97628	109.85113	-23.84449	21.45683	5.25176	78.54101	2.83290	151.85313
5	-24.05828	17.67518	8.94710	109.14843	4.75931	98.31333	-24.43519	18.38287	9.68880	126.25658	4.42392	88.72491	-24.08169	16.29137	10.62499	138.52820	5.40547	55.32726	-24.76637	-8.42809	9.40312	149.35794	5.72981	63.57411	-23.51426	16.43033	6.36461	103.01422	4.30434	132.93962
6	-23.55949	14.99155	10.26021	127.74150	5.37864	55.12314	-24.06672	15.77291	11.10134	145.11241	4.97118	35.41867	-23.63638	19.88276	12.17490	144.17773	5.60994	6.48958	-24.64972	-10.93078	11.02718	169.27689	5.96603	10.83203	-23.21864	10.90316	7.67369	128.99519	5.43409	92.88628
7	-23.06812	13.50818	11.71381	141.10980	5.55651	7.79646	-23.70140	16.05806	12.62608	154.19434	4.99430	-17.84802	-23.12665	26.22188	13.70637	138.73929	5.36597	-37.84740	-24.53640	-9.72075	12.78086	179.21007	5.69819	-39.65182	-22.96556	6.00690	9.16633	152.56503	6.05635	40.43825
8	-22.58669	15.31831	13.23868	144.04716	5.31370	-37.12118	-23.30483	19.88913	14.17912	150.63889	4.55214	-63.30993	-22.53758	35.32344	15.12672	121.99669	4.75784	-73.25939	-24.38782	-4.19931	14.57156	175.49173	5.00269	-81.42366	-22.74747	3.21012	10.80081	168.11093	6.12081	-13.93030
9	-22.09408	21.31670	14.73662	133.71538	4.70786	-74.37681	-22.83438	27.22462	15.66400	133.98119	3.75082	-96.56849	-21.85545	46.68714	16.35201	95.81548	3.88766	-97.54636	-24.15366	5.45617	16.28908	156.80067	3.99045	-110.86038	-22.53580	3.86488	12.49996	170.74525	5.67611	-61.41820
10	-21.55693	31.14979	16.10069	110.62233	3.82296	-100.68294	-22.25030	37.40020	16.98536	106.34487	2.71265	-116.46101	-21.07191	59.57834	17.31749	63.66895	2.86018	-110.55981	-23.78290	18.43539	17.82111	124.80477	2.78356	-127.09176	-22.28451	8.73396	14.15978	158.17366	4.83334	-96.63407
11	-20.94270	43.77760	17.23738	78.49640	2.75593	-115.25842	-21.52663	49.48119	18.06279	71.92630	1.55464	-124.16931	-20.18616	73.28595	17.98466	29.92798	1.77038	-113.81828	-23.23769	33.73793	19.06992	84.02177	1.49701	-131.43324	-21.94171	17.81985	15.66775	131.63182	3.72807	-117.88867
12	-20.22887	58.00629	18.08471	43.06105	1.60167	-119.52047	-20.65720	62.64748	18.84239	35.82024	0.37571	-122.25526	-19.20572	87.01221	18.34438	-1.28963	0.69408	-109.83226	-22.50254	50.52827	19.96678	40.62044	0.22587	-126.61525	-21.46378	30.49201	16.92443	95.65490	2.49032	-126.44125
13	-19.40739	72.69812	18.62067	10.12345	0.44120	-116.20349	-19.65493	76.29173	19.30307	2.60297	-0.75026	-113.86324	-18.14782	99.65370	18.41502	-27.13387	-0.31630	-101.33546	-21.58677	67.97624	20.48266	0.56095	-0.96191	-115.94117	-20.82662	45.77574	17.86216	56.55243	1.22578	-125.27154
14	-18.48494	86.78765	18.86101	-16.21954	-0.66583	-108.37653	-18.54712	89.75851	19.45602	-24.67883	-1.77694	-102.07967	-17.03934	109.97095	18.23666	-46.26601	-1.23111	-90.74593	-20.52133	84.90147	20.63207	-31.92809	-2.02706	-102.52665	-20.02911	62.62667	18.45544	20.23203	0.00869	-117.82850
15	-17.47963	99.29247	18.84822	-34.46233	-1.68417	-98.64974	-17.37022	102.10664	19.33882	-44.71508	-2.68410	-89.48530	-15.91189	117.06342	17.86351	-58.57479	-2.04030	-79.93663	-19.35226	99.82626	20.46743	-54.85707	-2.95599	-88.85411	-19.08829	79.88265	18.72003	-9.40205	-1.11617	-107.14352
16	-16.41587	109.34612	18.63659	-45.38212	-2.60072	-88.78558	-16.16418	112.27913	19.00665	-57.56338	-3.47296	-77.91489	-14.79366	120.66046	17.35499	-64.85322	-2.74886	-70.16673	-18.13147	111.52820	20.06474	-68.23909	-3.75532	-76.62498	-18.03352	96.03026	18.70310	-30.83943	-2.12800	-95.49363
17	-15.31928	116.31104	18.27953	-50.95605	-3.41827	-79.73669	-14.96567	119.49391	18.52148	-64.20768	-4.15916	-68.37209	-13.70281	121.05722	16.76675	-66.50908	-3.37123	-62.09628	-16.90546	119.59104	19.50515	-73.59525	-4.44494	-66.72708	-16.90166	109.36392	18.46935	-44.52128	-3.02433	-84.39872
18	-14.21215	120.04015	17.82287	-53.33261	-4.14827	-71.88110	-13.80227	123.50269	17.94110	-66.23329	-4.76474	-61.08360	-12.64507	118.89173	16.14424	-65.28687	-3.92586	-55.89686	-15.70554	124.37519	18.85867	-73.34850	-5.05001	-59.26079	-15.73029	118.60011	18.08621	-52.07227	-3.81510	-74.72466
19	-13.10813	121.04469	17.30239	-54.38568	-4.80486	-65.21795	-12.68849	124.65688	17.31082	-65.54066	-5.31091	-55.69695	-11.61525	114.99892	15.51955	-63.04803	-4.43111	-51.41115	-14.54406	126.46446	18.17505	-70.21170	-5.59326	-53.70105	-14.55019	123.40622	17.61175	-55.54412	-4.51684	-66.82394
20	-12.00799	120.24682	16.74330	-55.65084	-5.40063	-59.54556	-11.62370	123.74292	16.65991	-64.08389	-5.81342	-51.56011	-10.59948	110.39956	14.91041	-61.52210	-4.90264	-48.28359	-13.41714	126.30637	17.48281	-66.71500	-6.08985	-49.24633	-13.37928	124.42320	17.08788	-56.89288	-5.14770	-60.64529
21	-10.90029	118.51030	16.16085	-58.21991	-5.94530	-54.69416	-10.59194	121.70153	16.00269	-63.56216	-6.28098	-47.99794	-9.57679	106.16508	14.32094	-61.91740	-5.35171	-46.06033	-12.30877	124.35036	16.79366	-64.78665	-6.54678	-45.22127	-12.21984	122.90672	16.53992	-57.64666	-5.72361	-55.85920
22	-9.76655	116.44386	15.56262	-62.51492	-6.44717	-50.64658	-9.56441	119.39595	15.34300	-65.01087	-6.71620	-44.49538	-8.52267	103.09236	13.74573	-64.57884	-5.78456	-44.30303	-11.19409	121.26690	16.11001	-65.29166	-6.96588	-41.31960	-11.06052	120.27953	15.98015	-58.72154	-6.25642	-52.07755
23	-8.58719	114.49326	14.95151	-68.16811	-6.91460	-47.45102	-8.50649	117.39510	14.67996	-68.56445	-7.11767	-40.78925	-7.41455	101.50542	13.17542	-69.01180	-6.20321	-42.70547	-10.04426	117.88883	15.43277	-67.89129	-7.34804	-37.63165	-9.88177	117.65291	15.41263	-60.42460	-6.75499	-49.06733
24	-7.34660	113.03364	14.32883	-74.28012	-7.35599	-45.09927	-7.38730	115.78493	14.01229	-73.60358	-7.48278	-36.99569	-6.23754	101.32948	12.60064	-74.23549	-6.60754	-41.11483	-8.83372	114.88751	14.76484	-71.53932	-7.69681	-34.52008	-8.66364	115.50657	14.83827	-62.66177	-7.22777	-46.78070
25	-6.03571	112.42489	13.69548	-79.99746	-7.77907	-43.46623	-6.18860	114.26204	13.34063	-79.09950	-7.81241	-33.66833	-4.98824	102.26382	12.01350	-79.13726	-6.99666	-39.44727	-7.54768	112.47488	14.10946	-75.19487	-8.02010	-32.40001	-7.39322	113.80979	14.25768	-65.19621	-7.68392	-45.20788
26	-4.65287	112.96128	13.04986	-84.85780	-8.18975	-42.34330	-4.90885	112.51821	12.66790	-83.93106	-8.11492	-31.51507	-3.67614	103.84928	11.40938	-82.68522	-7.36898	-37.67078	-6.18677	110.43987	13.46792	-78.18305	-8.32929	-31.50626	-6.06801	112.37930	13.67141	-67.79260	-8.13203	-44.21707
27	-3.20466	114.67531	12.38709	-88.54994	-8.59180	-41.59379	-3.56181	110.47799	11.99856	-87.09428	-8.40512	-30.93021	-2.32196	105.47621	10.78964	-84.10527	-7.72308	-35.90113	-4.76702	108.53925	12.83951	-80.15709	-8.63635	-31.78438	-4.69580	111.02850	13.07910	-70.18092	-8.57750	-43.56308
28	-1.70789	117.16265	11.70320	-90.63912	-8.98861	-41.20310	-2.17261	108.21744	11.33862	-87.79653	-8.69888	-31.81239	-0.95446	106.56956	10.16281	-83.01035	-8.05956	-34.46877	-3.31502	106.87838	12.22268	-80.88072	-8.95119	-32.96885	-3.29429	109.53335	12.48101	-71.92120	-9.02148	-43.03810
29	-0.19038	119.54271	11.00050	-90.64906	-9.38372	-41.10381	-0.77349	105.90044	10.69677	-85.57198	-9.00855	-33.75877	0.39441	106.84680	9.54246	-79.37533	-8.38318	-33.84837	-1.86078	105.81013	11.61664	-80.09635	-9.28071	-34.73972	-1.88931	107.72733	11.88100	-72.49109	-9.46210	-42.52632
30	1.31039	120.67319	10.28959	-88.21930	-9.77902	-41.05510	0.60211	103.82656	10.08445	-80.44766	-9.34161	-36.32022	1.69518	106.27021	8.94425	-73.42844	-8.70370	-34.45685	-0.43242	105.53379	11.02323	-77.62237	-9.62908	-36.75978	-0.50910	105.64304	11.28669	-71.60963	-9.89579	-41.94931
31	2.75274	119.68564	9.58788	-83.19532	-10.17312	-40.82671	1.92661	102.27480	9.51391	-72.89597	-9.70110	-39.11196	2.92478	104.79545	8.38389	-65.55401	-9.03421	-36.43324	0.94686	105.95010	10.44751	-73.45712	-9.99695	-38.61544	0.82218	103.51354	10.70668	-69.31459	-10.31808	-41.27742
32	4.09980	116.28955	8.91626	-75.54533	-10.56320	-40.55448	3.18146	101.24128	8.99654	-63.56641	-10.08653	-41.81837	4.06784	102.35113	7.87626	-56.20886	-9.38752	-39.51451	2.26133	106.76881	9.89738	-67.66185	-10.38002	-39.93737	2.08819	101.68723	10.14842	-65.67979	-10.72529	-40.59302
33	5.32449	110.57281	8.29792	-65.20430	-10.95024	-40.79463	4.35621	100.54179	8.54159	-53.16619	-10.49471	-44.17817	5.11715	99.02819	7.43452	-45.86332	-9.77193	-43.06409	3.50339	107.61645	9.38374	-60.23360	-10.77069	-40.64086	3.28137	100.53742	9.61862	-60.61680	-11.11681	-40.12335
34	6.41011	102.90238	7.75834	-52.16646	-11.34202	-42.09539	5.44824	100.08263	8.15417	-42.42002	-10.92029	-45.98491	6.07385	95.08998	7.06895	-35.00231	-10.18814	-46.25972	4.67198	108.15412	8.91958	-51.15819	-11.16217	-40.95211	4.40327	100.31619	9.12467	-53.94433	-11.49704	-40.22571
35	7.35174	94.10443	7.32319	-36.74438	-11.75015	-44.54538	6.46318	99.77481	7.83549	-31.78727	-11.35619	-47.08461	6.94576	90.81535	6.78591	-24.15685	-10.62884	-48.34795	5.76986	108.19641	8.51801	-40.56756	-11.55151	-41.09237	5.46353	100.85023	8.67610	-45.51865	-11.87641	-41.16934
36	8.15874	85.44446	7.01392	-19.77349	-12.18466	-47.71608	7.41161	99.38410	7.58653	-21.29199	-11.79407	-47.33049	7.74506	86.54316	6.58717	-13.86132	-11.08065	-48.81034	6.80299	107.73235	8.19049	-28.87933	-11.93766	-40.91914	6.47415	101.44720	8.28632	-35.34000	-12.26762	-42.74508
37	8.85502	78.23160	6.84262	-2.72925	-12.65031	-50.87291	8.30521	98.76919	7.40988	-10.84510	-12.22474	-46.50315	8.48773	82.81879	6.47002	-4.50239	-11.52679	-47.38232	7.78083	106.86172	7.94597	-16.81567	-12.31672	-39.92532	7.44394	101.40218	7.97268	-23.68419	-12.67745	-44.11505
38	9.47657	73.34100	6.80790	12.54406	-13.14470	-53.18838	9.15682	98.09050	7.30736	-0.60465	-12.63771	-44.30901	9.19368	80.19189	6.42861	3.82349	-11.94916	-44.00054	8.71611	105.74225	7.78917	-5.28988	-12.67890	-37.51772	8.37907	100.48785	7.75247	-11.10095	-13.10012	-44.15476
39	10.06497	71.02212	6.89548	24.59550	-13.65744	-53.86893	9.98120	97.58810	7.27775	9.04226	-13.02087	-40.49382	9.88375	78.83533	6.45649	11.29799	-12.32996	-38.75913	9.62337	104.44724	7.71886	4.85361	-13.00857	-33.29228	9.28564	98.88664	7.63870	1.76163	-13.51758	-41.99493
40	10.65874	71.06894	7.08393	32.89478	-14.16986	-52.22371	10.79305	97.27302	7.31765	17.67701	-13.36026	-34.94189	10.57541	78.46339	6.54911	18.22196	-12.65289	-31.88797	10.51569	102.78772	7.72947	13.22857	-13.28625	-27.16941	10.17045	96.84661	7.63817	14.29149	-13.90496	-37.34019
41	11.28740	73.01039	7.35002	37.70584	-14.65557	-47.76097	11.60412	96.89821	7.42366	25.03237	-13.63986	-27.66844	11.27968	78.43120	6.70493	24.95722	-12.90394	-23.74897	11.40024	100.30389	7.81547	20.19009	-13.49194	-19.38781	11.03958	94.40559	7.75195	25.93687	-14.23694	-30.50686
42	11.96842	76.06040	7.67172	39.88043	-15.08281	-40.33292	12.42117	96.06887	7.59397	31.16313	-13.84160	-18.77486	11.99825	77.87598	6.92691	31.99773	-13.07244	-14.77634	12.27484	96.48936	7.97610	26.68077	-13.60918	-10.37060	11.89598	91.37579	7.97719	36.28129	-14.49312	-22.22593
43	12.70453	79.07215	8.03262	40.82207	-15.41907	-30.17996	13.24415	94.27782	7.82966	36.53762	-13.94634	-8.44793	12.72193	76.06747	7.22314	39.83668	-13.15147	-5.32381	13.12858	90.98823	8.21758	33.79050	-13.62685	-0.51926	12.73759	87.51920	8.30939	45.22126	-14.66058	-13.25042
44	13.48275	80.78772	8.42746	42.17937	-15.63573	-17.75093	14.06438	90.97601	8.13625	42.00520	-13.93589	3.01921	13.43396	72.73463	7.60452	48.64065	-13.13687	4.42295	13.94370	83.55179	8.55300	42.39167	-13.53808	10.02076	13.55699	82.66079	8.74446	53.09373	-14.73272	-4.04136
45	14.27798	80.23240	8.86392	45.35329	-15.70933	-3.45620	14.86462	85.72729	8.52519	48.64805	-13.79560	15.28722	14.11600	67.98371	8.08072	58.18621	-13.02586	14.39451	14.69685	73.94865	9.00062	53.01023	-13.33547	21.47676	14.34184	76.68944	9.28099	60.63046	-14.70636	5.31882
46	15.05877	76.93398	9.35982	51.28093	-15.62105	12.42378	15.62155	78.29738	9.01440	57.49976	-13.51583	28.20527	14.75177	62.00517	8.65912	68.17239	-12.81612	24.66145	15.36062	62.03640	9.58256	65.94098	-13.00573	34.30510	15.07625	69.49104	9.92311	68.82232	-14.57766	15.20178
47	15.79253	70.85568	9.93907	60.40534	-15.35600	29.74381	16.30919	68.62112	9.62706	69.26575	-13.08965	42.10139	15.32757	54.86954	9.34696	78.51774	-12.50301	35.66670	15.90686	47.99292	10.32480	81.30914	-12.52745	49.05785	15.74174	60.85110	10.68291	78.68973	-14.33660	26.54780
48	16.44926	62.14510	10.62903	72.67849	-14.90014	48.56091	16.90179	56.73623	10.38946	84.25043	-12.50665	57.84354	15.83086	46.48204	10.15414	89.44643	-12.07381	48.41952	16.31219	32.43536	11.25516	99.00415	-11.87004	66.46824	16.31733	50.51672	11.57976	90.91287	-13.96148	40.78383
49	17.00328	50.89867	11.45939	87.79521	-14.23545	69.24979	17.37531	42.76281	11.32976	102.38557	-11.74665	76.62744	16.24846	36.68361	11.09523	101.44727	-11.50098	64.33504	16.56255	16.10240	12.39944	118.73869	-10.99274	87.51902	16.78111	38.39186	12.63658	105.70802	-13.41448	59.46109
50	17.43172	37.14256	12.46161	105.53962	-13.33625	92.57173	17.70873	26.91833	12.47618	123.21487	-10.77524	99.69195	16.56577	25.36322	12.19037	115.18889	-10.73866	84.74374	16.65168	-0.60578	13.77886	140.15225	-9.84490	113.22639	17.11280	24.59510	13.87777	123.04601	-12.63952	83.78732
51	17.71327	21.02251	13.66838	125.87616	-12.16555	119.51305	17.88478	9.50978	13.85413	146.05641	-9.54192	127.98808	16.76696	12.54294	13.46521	131.40350	-9.72498	110.40179	16.57605	-17.61346	15.40899	162.77802	-8.36807	144.12169	17.29550	9.38937	15.32911	142.76129	-11.56368	114.24313
52	17.82935	2.94821	15.11284	148.81107	-10.67385	150.69894	17.89041	-9.11371	15.48462	170.34204	-7.98379	161.70309	16.83657	-1.58185	14.94925	150.69905	-8.38956	141.26143	16.33274	-34.75867	17.29786	185.97971	-6.50252	179.58342	17.31675	-6.87734	17.01519	164.56584	-10.10497	150.24525
53	17.76594	-16.43798	16.82540	174.14371	-8.80807	185.58069	17.71610	-28.59626	17.38399	195.67915	-6.03783	199.73669	16.76158	-16.72670	16.67173	173.25121	-6.66454	176.36288	15.92190	-51.68374	19.44343	209.07234	-4.20220	217.22385	17.16889	-23.87424	18.95507	188.14809	-8.19206	189.77980
54	17.51454	-36.34307	18.82784	201.10928	-6.53040	221.89304	17.35569	-48.46012	19.56131	221.52747	-3.66102	239.23433	16.53259	-32.67334	18.65524	198.52724	-4.50071	213.50055	15.34763	-68.11243	21.83271	231.54126	-1.46145	252.61612	16.84757	-41.38941	21.15951	213.02545	-5.79183	229.14479
55	17.07339	-55.95387	21.12453	228.30553	-3.84038	255.42397	16.80824	-67.94660	22.01245	246.91821	-0.85701	275.23218	16.14349	-49.37713	20.90929	225.35509	-1.89135	248.62677	14.61546	-83.97513	24.44241	252.98650	1.65273	279.67761	16.34994	-59.26222	23.62787	238.19370	-2.93371	262.86139
56	16.44714	-74.61587	23.69653	254.09315	-0.80235	279.98703	16.08106	-86.09682	24.71457	270.53281	2.29579	300.81622	15.58937	-66.95361	23.42734	252.26752	1.09872	275.55008	13.73079	-99.33028	27.23961	272.83362	4.98254	291.84863	15.67459	-77.18395	26.34331	262.12735	0.26914	284.01205
57	15.64542	-91.96065	26.50204	276.97955	2.42685	288.38519	15.19053	-102.17569	27.62535	291.02805	5.62719	308.32190	14.86425	-85.45942	26.18719	277.68982	4.31069	286.82709	12.69778	-114.34281	30.18356	290.28265	8.29283	283.89105	14.82324	-94.59637	29.26993	283.15982	3.60777	285.76974
58	14.68034	-108.02306	29.48241	295.78577	5.59897	275.00293	14.15736	-116.13291	30.68817	307.36526	8.88477	291.73410	13.96170	-104.58941	29.15133	299.97821	7.49744	276.20764	11.51815	-129.29729	33.23053	304.56198	11.31442	253.73465	13.80273	-110.92349	32.35511	299.87689	6.79951	264.10785
59	13.56267	-123.26998	32.57330	309.79495	8.42636	238.63370	12.99850	-128.65439	33.84118	318.99646	11.77860	249.47296	12.87831	-123.68728	32.26899	317.69995	10.37116	241.57539	10.19025	-144.53941	36.34104	315.10941	13.80155	203.49991	12.62390	-126.03908	35.53690	311.37000	9.55102	220.04005
60	12.29817	-138.42593	35.71724	318.80103	10.66141	183.34431	11.72176	-140.81358	37.02715	325.79996	14.04937	185.82353	11.61575	-142.15892	35.48294	330.04565	12.67520	186.36798	8.71007	-160.36371	39.48413	321.55020	15.58158	138.88625	11.29699	-140.49765	38.75489	317.30884	11.63394	159.53056
61	10.88659	-154.17758	38.87022	322.90237	12.15555	116.74964	10.32585	-153.65742	40.19944	327.81277	15.52951	109.78829	10.17957	-159.78752	38.73872	336.82379	14.24214	118.37018	7.07371	-176.93147	42.63539	323.67032	16.57423	67.09654	9.82650	-155.26863	41.95819	317.84488	12.93130	91.01865
62	9.32356	-170.93277	41.99895	322.24084	12.87041	47.02608	8.80374	-167.92480	43.32180	325.08990	16.17067	31.89497	8.57839	-176.63400	41.98908	338.10913	15.01552	46.70259	5.27933	-194.13579	45.77019	321.42261	16.77727	-5.02280	8.20992	-171.20354	45.10663	313.49081	13.43570	22.47471
63	7.60401	-188.67993	45.07266	316.90457	12.84949	-19.24982	7.14655	-183.89764	46.36350	317.82428	16.03016	-39.07718	6.82431	-192.77544	45.19187	334.08203	15.03378	-20.96739	3.32996	-211.44981	48.85593	314.86029	16.24394	-71.48608	6.44127	-188.53603	48.16681	304.94229	13.21557	-40.02232
64	5.72595	-206.91289	48.05536	306.95718	12.18189	-77.46968	5.34700	-201.31995	49.29384	306.44528	15.23185	-97.75558	4.93259	-208.09300	48.30521	325.07147	14.39530	-79.55036	1.23595	-227.92424	51.84768	303.99677	15.07123	-127.20647	4.51817	-206.62315	51.10548	292.77081	12.38324	-92.14970
65	3.69379	-224.63368	50.90267	292.45987	10.98288	-124.46213	3.40287	-219.35071	52.07848	291.51050	13.92639	-142.11069	2.92062	-222.17696	51.28435	311.54742	13.22727	-126.32472	-0.98408	-242.36900	54.68868	288.70618	13.39539	-168.60628	2.44828	-224.04585	53.88363	277.16586	11.07878	-131.16241
66	1.52101	-240.43869	53.56321	273.42221	9.38804	-158.34686	1.31998	-236.61215	54.67853	273.49689	12.26380	-172.50107	0.80753	-234.33084	54.08187	293.96756	11.66561	-160.43396	-3.30524	-253.50134	57.31470	268.66260	11.37931	-194.35849	0.25264	-238.93858	56.45370	257.88211	9.45697	-156.20341
67	-0.76786	-252.72786	55.98156	249.76216	7.54427	-178.80374	-0.88509	-251.38791	57.05074	252.57100	10.37983	-190.48820	-1.38453	-243.65021	56.64927	272.54767	9.84166	-182.37492	-5.69677	-259.88647	59.65903	243.29935	9.19127	-205.33568	-2.03354	-249.45946	58.76042	234.39384	7.66932	-168.25381
68	-3.13704	-260.08798	58.10179	221.36572	5.59334	-187.05598	-3.18402	-261.90796	59.14744	228.40337	8.39230	-197.98842	-3.62882	-249.09447	58.93808	247.04285	7.87493	-193.41418	-8.11837	-260.15039	61.65677	211.92693	6.98454	-203.94376	-4.36470	-254.25131	60.74419	206.11862	5.84804	-169.43350
69	-5.54313	-261.63004	59.87202	188.18053	3.65546	-185.41165	-5.53746	-266.62231	60.91719	200.16681	6.39985	-197.01593	-5.89180	-249.61349	60.89958	216.73691	5.87005	-195.17519	-10.52019	-253.55070	63.25010	174.03275	4.88181	-193.28065	-6.69148	-252.56166	62.34612	172.60391	4.09742	-162.32642
70	-7.93996	-257.02502	61.24870	150.32004	1.81841	-176.68327	-7.89798	-264.43646	62.30737	166.83900	4.47859	-189.70096	-8.13293	-244.50316	62.48569	180.83778	3.91393	-189.54863	-12.84779	-240.31944	64.39232	129.68141	2.96818	-176.46878	-8.96466	-244.14960	63.51328	133.82127	2.48951	-149.70949
71	-10.28089	-246.39096	62.19814	108.28996	0.13422	-163.63560	-10.21304	-254.95187	63.26896	127.76728	2.67910	-178.13455	-10.30893	-233.76875	63.65220	139.11620	2.07112	-178.64676	-15.04884	-221.53261	65.05015	79.92337	1.29039	-156.46715	-11.13625	-229.45567	64.20319	90.71109	1.06180	-134.39969
72	-12.51959	-230.31281	62.69671	63.29412	-1.37588	-148.53662	-12.42894	-238.64540	63.76266	83.25222	1.02904	-164.02071	-12.37997	-218.17274	64.36418	92.34652	0.38115	-164.51456	-17.07834	-198.81845	65.20650	27.02952	-0.14115	-136.01979	-13.16387	-209.87978	64.39055	45.51191	-0.18122	-118.84476
73	-14.61262	-209.97849	62.73286	17.34087	-2.71186	-132.95145	-14.49582	-216.87599	63.76451	34.90189	-0.45950	-148.54303	-14.31381	-199.00272	64.60087	42.27238	-1.13807	-148.78206	-18.90311	-174.00163	64.86456	-25.84972	-1.34639	-117.21941	-15.01762	-187.50974	64.07382	1.20499	-1.25895	-104.65628
74	-16.52532	-187.13483	62.31043	-27.11815	-3.88562	-117.78251	-16.37383	-191.69365	63.27147	-14.49241	-1.78366	-132.54509	-16.08695	-177.80141	64.35974	-8.73284	-2.48306	-132.58705	-20.50310	-148.71428	64.04883	-75.56032	-2.36199	-101.03692	-16.68199	-164.43056	63.27782	-39.71941	-2.20178	-92.46691
75	-18.23705	-163.74149	61.45043	-67.87790	-4.91408	-103.49297	-18.03853	-165.42378	62.30668	-61.73449	-2.94723	-116.68706	-17.68486	-156.16191	63.65979	-58.03996	-3.65929	-116.65575	-21.87028	-124.22712	62.80233	-119.95190	-3.22676	-87.53730	-18.15390	-142.29985	62.05080	-76.24850	-3.03953	-82.12598
76	-19.74305	-141.47997	60.19036	-103.67514	-5.81600	-90.34904	-19.48245	-140.13359	60.92020	-104.44679	-3.95912	-101.45158	-19.10206	-135.50378	62.54229	-103.21488	-4.67723	-101.30673	-23.00698	-101.59402	61.18105	-158.41725	-3.97502	-76.36882	-19.44075	-122.22321	60.45673	-108.94851	-3.79415	-73.21732
77	-21.05094	-121.32940	58.58058	-134.61446	-6.61029	-78.38573	-20.71213	-117.26347	59.18125	-142.00607	-4.83112	-87.20188	-20.34139	-116.77833	61.06551	-142.60110	-5.54816	-86.53360	-23.92658	-81.78679	59.24600	-191.51149	-4.63406	-67.01064	-20.55726	-104.71773	58.56586	-139.41000	-4.47998	-65.43452
78	-22.17385	-103.49058	56.67491	-161.98161	-7.31144	-67.24522	-21.74348	-97.57837	57.16423	-175.38181	-5.57675	-74.19740	-21.41087	-100.29504	59.29349	-175.73911	-6.28186	-72.26885	-24.65341	-65.50751	57.05272	-220.27824	-5.22328	-58.85190	-21.52067	-89.95744	56.44277	-169.30782	-5.10532	-58.42427
79	-23.12511	-87.68430	54.52025	-187.57686	-7.92448	-56.26069	-22.59780	-81.28991	54.93330	-206.03583	-6.20942	-62.43512	-22.32010	-85.88563	57.28165	-203.34183	-6.88663	-58.50024	-25.21892	-52.90977	54.64131	-245.94221	-5.75317	-51.18548	-22.34986	-78.03787	54.13497	-199.41304	-5.67130	-51.63353
80	-23.91649	-73.47919	52.14957	-213.13832	-8.44278	-44.66238	-23.29847	-68.19546	52.53043	-234.99744	-6.73919	-51.53741	-23.07950	-73.20789	55.06704	-226.86278	-7.36867	-45.09520	-25.65562	-43.56046	52.03189	-269.69885	-6.22361	-43.21823	-23.06512	-68.69664	51.66534	-229.56206	-6.17240	-44.46391
81	-24.55822	-60.43027	49.57959	-239.90462	-8.84819	-31.72413	-23.86851	-57.77716	49.97071	-262.75909	-7.17028	-40.78039	-23.70098	-61.85828	52.66623	-248.00003	-7.72907	-31.69001	-25.99270	-36.65050	49.22535	-292.30597	-6.62269	-34.10921	-23.68225	-60.97234	49.02995	-259.41583	-6.59804	-36.36398
82	-25.05855	-48.17568	46.81403	-268.10056	-9.11390	-16.94459	-24.32825	-49.22454	47.24654	-289.50748	-7.49833	-29.20815	-24.19690	-51.54317	50.07990	-268.31107	-7.96296	-17.91678	-26.25413	-31.22237	46.21206	-313.90604	-6.92651	-23.10882	-24.20631	-53.62710	46.20557	-288.58475	-6.93234	-26.83161
83	-25.42489	-36.57766	43.85051	-296.61728	-9.21078	-0.24366	-24.69209	-41.54632	44.33942	-315.10480	-7.70877	-16.00157	-24.58138	-42.38863	47.30149	-288.73343	-8.06330	-3.70805	-26.45724	-26.31705	42.98343	-334.15240	-7.10266	-9.88078	-24.63466	-45.84913	43.16417	-316.24527	-7.15465	-15.52154
84	-25.66706	-25.81629	40.68863	-323.21881	-9.11442	18.04894	-24.96747	-33.92823	41.23377	-338.90402	-7.78070	-0.99577	-24.87470	-34.94657	44.32438	-309.05316	-8.02654	10.62009	-26.61188	-21.08850	39.54144	-352.15454	-7.11858	5.23353	-24.96466	-37.40493	39.88632	-341.11786	-7.24217	-2.34295
85	-25.80120	-16.26997	37.33738	-345.28226	-8.80925	37.38936	-25.15807	-26.13074	37.92802	-359.54691	-7.69564	15.08580	-25.10548	-29.67113	41.14858	-327.82367	-7.85604	24.51392	-26.72064	-14.97409	35.90499	-366.28391	-6.95143	21.24096	-25.19878	-28.38560	36.37140	-361.64926	-7.17298	12.51996
86	-25.84986	-8.23779	33.82186	-360.67517	-8.28941	57.09616	-25.27105	-18.41177	34.44190	-374.97610	-7.44667	30.90943	-25.30445	-26.19919	37.78848	-343.08823	-7.56102	37.50802	-26.78173	-7.94179	32.11447	-374.33466	-6.59604	36.75795	-25.34449	-19.10376	32.64465	-376.19904	-6.92945	28.55233
87	-25.83774	-1.87823	30.18690	-368.05469	-7.55930	76.10849	-25.31939	-11.08068	30.81849	-382.99652	-7.04273	45.04236	-25.49184	-23.19749	34.27575	-353.18930	-7.15103	49.51549	-26.79529	-0.57030	28.23307	-374.17346	-6.06838	50.33911	-25.41419	-10.18122	28.75908	-383.24783	-6.50324	44.81247
88	-25.78950	2.71475	26.49652	-366.57538	-6.63832	92.63158	-25.31950	-4.32090	27.12220	-382.04211	-6.50801	56.24852	-25.66955	-19.06158	30.65716	-356.91910	-6.63069	60.70906	-26.76859	6.20899	24.34310	-364.42136	-5.40428	60.63311	-25.42647	-2.47359	24.79180	-381.55618	-5.90104	59.86985
89	-25.72873	5.66809	22.82980	-355.70856	-5.56904	104.23611	-25.28789	1.65321	23.43351	-371.54120	-5.87944	63.42831	-25.82438	-12.87348	26.99146	-353.29465	-6.00090	70.95279	-26.71634	11.46674	20.53920	-344.66129	-4.65748	66.31116	-25.40681	3.23631	20.83813	-370.15112	-5.14914	71.76719
90	-25.67410	7.46817	19.27504	-335.35178	-4.42021	108.67723	-25.24040	6.41487	19.84181	-351.60062	-5.20561	65.57946	-25.93892	-4.87102	23.34871	-341.57062	-5.26858	79.26153	-26.65781	14.50782	16.92246	-315.30164	-3.89890	66.14499	-25.38442	6.62973	17.00591	-348.27197	-4.29812	78.16559
91	-25.63551	8.73840	15.92377	-305.97354	-3.27826	104.98756	-25.19410	9.37574	16.43932	-322.53018	-4.54458	62.22004	-26.00156	3.81813	19.81014	-321.58392	-4.45883	83.82275	-26.61336	15.07242	13.59502	-277.55432	-3.21120	59.55053	-25.38502	8.04629	13.40972	-315.66977	-3.42562	76.99497
92	-25.61396	9.90497	12.86448	-268.74994	-2.22989	94.16608	-25.16876	9.99071	13.31595	-284.79703	-3.95587	53.99815	-26.01035	11.79647	16.46297	-293.98141	-3.62020	82.70365	-26.59904	13.57028	10.65295	-233.51300	-2.67317	47.28773	-25.42283	8.22336	10.16432	-273.11502	-2.62816	67.45085
93	-25.60453	11.08099	10.17488	-225.59856	-1.34181	79.11727	-25.18559	8.03812	10.55535	-239.41628	-3.48764	42.83558	-25.97171	17.81732	13.39225	-260.07346	-2.81932	74.91499	-26.61965	11.11543	8.17628	-185.97911	-2.33845	31.68159	-25.49836	7.80346	7.37614	-222.53978	-2.00035	50.62975
94	-25.59968	12.20742	7.91533	-178.93704	-0.64321	63.91887	-25.26171	3.95681	8.23014	-188.42754	-3.16388	31.45506	-25.89884	20.98160	10.67309	-221.49243	-2.12732	61.31811	-26.66383	9.08398	6.21904	-137.95422	-2.21905	16.16800	-25.60199	7.15031	5.13337	-166.92191	-1.61072	29.45608
95	-25.59057	13.30328	6.12542	-131.33971	-0.11621	52.83958	-25.40127	-1.03434	6.39428	-134.97620	-2.97578	22.76757	-25.81021	20.99271	8.36545	-179.87283	-1.60129	44.90574	-26.70727	8.45406	4.80396	-92.10963	-2.27865	4.60499	-25.71805	6.44980	3.49264	-110.14915	-1.48154	8.11787
96	-25.56636	14.56556	4.82142	-85.36662	0.30411	49.51155	-25.58979	-5.34623	5.07429	-82.80080	-2.87767	19.55668	-25.72531	18.39258	6.51164	-136.70915	-1.26334	30.19568	-26.72181	9.48558	3.92112	-50.60382	-2.43343	0.73978	-25.82843	5.78483	2.46591	-56.51277	-1.57719	-8.74592
97	-25.51406	16.20473	3.99342	-43.36696	0.72157	56.16823	-25.79789	-7.71222	4.26299	-35.44344	-2.78733	24.36459	-25.65769	14.49721	5.13546	-93.49459	-1.08441	21.92720	-26.68418	11.86024	3.52913	-15.07793	-2.55933	7.62023	-25.91577	5.24792	2.01636	-9.63349	-1.80765	-17.02108
98	-25.42073	18.19481	3.60594	-6.95088	1.25806	72.62818	-25.99114	-7.52423	3.91914	4.40212	-2.59226	39.09758	-25.60834	10.97016	4.24060	-52.02802	-0.98155	23.73125	-26.57925	14.95127	3.56103	13.53940	-2.50911	26.63111	-25.96453	5.17087	2.06918	28.18086	-2.04855	-13.83254
99	-25.27716	20.18579	3.60617	23.62508	2.01568	95.18993	-26.13733	-4.71243	3.97429	35.29722	-2.16638	63.97083	-25.56410	9.17791	3.80645	-14.45864	-0.83025	37.23787	-26.40068	18.00150	3.93614	35.26827	-2.14348	56.33664	-25.95810	6.11337	2.52588	55.70870	-2.16225	2.25566
100	-25.08016	21.64244	3.93832	49.58909	3.02658	116.36488	-26.20853	0.33512	4.34578	57.28069	-1.40263	96.03903	-25.50269	9.60865	3.78596	17.32760	-0.49031	61.38940	-26.15034	20.26910	4.57209	51.30262	-1.37271	91.47549	-25.87721	8.42411	3.27553	72.63592	-2.01397	30.89048
101	-24.83220	22.12788	4.55701	72.96072	4.21364	126.86541	-26.18368	6.73557	4.95303	71.92573	-0.25856	128.29289	-25.40249	11.71008	4.11323	42.66448	0.15503	91.67324	-25.83802	21.12062	5.39716	64.34182	-0.20439	122.80640	-25.70351	11.77507	4.20589	80.01006	-1.49302	68.78968